ur afficher les mesures, 2 pour acquisition avant, 3 pour acquisition arriere: 
Acquisition ... fait 
Tapez  1 pour afficher les mesures, 2 pour acquisition avant, 3 pour acquisition arriere: 
Mesures en acceleration 
Courant;Position;Vitesse 
2878;0;0 
3084;0;0 
2587;0;0 
0;0;0 
3047;1;0 
2630;1;0 
2491;1;0 
3072;1;0 
3333;2;1000 
0;2;0 
0;2;0 
2386;3;0 
2657;3;0 
2570;3;0 
2863;3;0 
0;3;0 
0;4;0 
2717;4;0 
2506;4;0 
2667;5;0 
2933;5;0 
2619;6;0 
0;6;0 
0;6;0 
2321;7;0 
1887;7;0 
2869;7;0 
2946;8;0 
0;8;0 
0;9;1000 
2338;9;0 
2614;10;0 
2642;10;0 
2288;11;0 
2678;11;0 
0;12;1000 
2291;12;0 
2337;13;0 
2739;14;0 
2757;14;0 
2728;15;0 
0;15;0 
0;16;0 
2328;17;0 
2779;17;0 
2596;18;0 
2406;19;0 
0;19;0 
0;20;1000 
1872;21;0 
2756;22;0 
2068;22;0 
2424;23;0 
2638;23;0 
0;24;0 
0;25;0 
2254;26;0 
1895;27;0 
2419;27;0 
2214;28;0 
0;29;0 
0;30;0 
1948;31;0 
2562;31;0 
1917;32;0 
2530;33;0 
2631;34;0 
0;35;0 
2609;36;0 
1868;37;1000 
2756;38;0 
2215;39;1000 
2426;39;0 
0;40;0 
0;41;0 
1980;42;0 
2450;43;0 
2278;44;1000 
2505;45;0 
0;46;0 
0;47;0 
2166;48;0 
2114;49;0 
2382;50;0 
2221;51;0 
2138;52;1000 
0;53;0 
432;54;0 
2332;55;0 
1891;56;0 
2422;57;0 
2264;59;1000 
0;59;0 
0;60;0 
2279;62;0 
2029;63;1000 
2376;63;0 
2212;65;1000 
2252;66;0 
0;67;0 
2124;68;0 
2286;69;0 
1943;71;1000 
2272;71;0 
1926;73;1000 
0;74;0 
0;75;0 
1661;76;0 
2520;78;0 
1980;79;0 
2167;80;1000 
0;81;1000 
0;83;0 
2220;83;0 
1920;85;1000 
2162;86;0 
2158;87;0 
1703;88;0 
0;90;1000 
0;91;0 
1954;92;1000 
2509;94;0 
2223;95;0 
1995;96;1000 
0;97;0 
0;99;1000 
1957;100;1000 
2226;101;0 
1815;103;1000 
2207;104;1000 
2188;105;1000 
0;107;1000 
2205;108;0 
1998;109;0 
1793;111;1000 
2035;112;0 
2309;113;0 
0;115;1000 
0;116;1000 
2256;117;0 
1768;119;1000 
1956;120;1000 
2468;122;0 
0;123;0 
0;124;1000 
2057;126;1000 
1947;127;0 
1663;129;0 
2314;130;0 
2245;131;0 
0;133;1000 
2924;135;0 
2049;136;0 
2076;137;0 
1778;139;1000 
1893;140;1000 
0;142;0 
0;143;0 
1798;144;0 
1965;146;1000 
2031;147;0 
2008;149;1000 
1888;151;1000 
0;152;0 
2573;154;0 
1881;155;0 
1518;156;1000 
2210;158;0 
2162;159;0 
0;161;1000 
0;163;1000 
1951;164;1000 
1906;166;1000 
1979;167;0 
1757;169;0 
0;171;1000 
0;172;0 
2091;173;0 
1921;175;1000 
1507;176;0 
2209;178;1000 
2174;179;0 
0;181;0 
0;183;1000 
1869;184;0 
2003;186;1000 
2125;187;0 
1963;189;1000 
0;191;1000 
0;192;0 
2151;194;1000 
2051;195;0 
2078;197;1000 
1783;199;0 
1636;200;0 
0;202;1000 
2337;204;0 
1828;206;0 
1943;207;0 
1724;209;0 
1776;211;1000 
0;212;1000 
0;214;1000 
1916;215;0 
1963;217;1000 
1776;219;0 
1796;220;0 
0;223;0 
0;224;1000 
1949;226;0 
1892;227;0 
1902;229;1000 
1584;231;1000 
1533;233;0 
0;235;0 
0;236;1000 
2065;238;1000 
1875;239;0 
2201;241;0 
1950;243;0 
0;245;1000 
0;247;0 
1551;248;1000 
1947;250;1000 
1953;252;0 
2214;254;1000 
1917;255;0 
0;257;1000 
1946;259;1000 
1606;261;0 
1737;263;1000 
1907;264;1000 
1878;266;0 
0;268;0 
0;270;1000 
1803;271;0 
1881;273;0 
2122;275;0 
1842;277;1000 
0;279;0 
0;280;1000 
1543;283;1000 
1735;284;0 
1566;286;1000 
1904;288;1000 
2162;290;1000 
0;292;0 
0;294;0 
1802;295;0 
2194;297;0 
1819;299;0 
1887;301;1000 
0;303;1000 
0;305;1000 
1248;307;0 
1453;309;0 
1550;311;1000 
1348;312;1000 
1910;315;1000 
0;316;1000 
2152;319;0 
1453;320;1000 
1499;322;1000 
1849;324;1000 
1772;326;1000 
0;328;1000 
0;330;1000 
1601;332;0 
2065;334;1000 
1900;336;0 
2144;338;1000 
0;339;0 
0;342;0 
1755;343;0 
1784;346;0 
1892;347;0 
1938;350;1000 
1923;351;0 
0;354;1000 
0;355;0 
2063;358;0 
1807;359;0 
2052;362;0 
2041;363;0 
0;366;0 
0;367;0 
1761;370;1000 
1656;371;0 
1948;374;1000 
1862;375;0 
126;378;1000 
0;379;0 
2160;382;1000 
1702;383;0 
1912;386;0 
1958;387;0 
1966;390;0 
0;391;0 
0;394;0 
1639;395;0 
1970;398;0 
1857;400;0 
1917;402;0 
0;404;0 
0;406;1000 
1599;408;0 
1787;410;1000 
1620;412;0 
1923;414;1000 
1801;416;1000 
0;419;1000 
1189;420;1000 
1412;423;1000 
1528;424;1000 
1350;427;1000 
1490;429;1000 
0;431;1000 
0;433;1000 
1444;435;1000 
1518;437;0 
1612;439;1000 
1756;441;1000 
1775;443;1000 
0;445;1000 
1970;447;0 
1842;450;0 
1816;451;0 
2057;454;0 
1826;455;0 
0;458;1000 
0;460;1000 
1409;462;1000 
1586;464;1000 
1501;467;1000 
1578;468;1000 
0;471;1000 
0;473;1000 
1341;475;1000 
1410;477;0 
1520;479;0 
1878;481;1000 
1926;483;0 
0;486;0 
0;487;0 
1685;490;1000 
1574;492;1000 
1878;494;1000 
1333;496;1000 
0;499;0 
0;500;0 
1376;503;0 
1376;505;1000 
1532;507;0 
1802;509;1000 
1847;511;0 
0;514;1000 
1809;516;0 
1643;518;1000 
1329;520;1000 
1389;523;0 
1575;524;1000 
0;527;1000 
0;529;1000 
1194;531;1000 
1667;533;0 
1647;535;0 
2006;538;1000 
0;540;0 
0;542;1000 
1418;544;1000 
1155;547;0 
1509;549;1000 
1587;551;1000 
1679;553;1000 
0;555;1000 
2756;558;0 
1542;560;0 
1496;562;1000 
1636;564;1000 
1288;567;1000 
0;569;0 
0;571;0 
1320;573;1000 
1417;575;0 
1744;578;1000 
1703;580;0 
1454;582;1000 
0;584;1000 
1436;587;1000 
1151;589;0 
1457;591;0 
1737;593;1000 
1792;595;0 
0;598;1000 
0;600;0 
1044;603;0 
1399;604;1000 
1012;607;1000 
1476;609;0 
0;611;0 
0;614;1000 
1417;616;0 
1626;619;0 
1411;620;1000 
1512;623;1000 
1499;625;1000 
0;627;0 
0;630;1000 
1469;632;0 
1597;634;1000 
996;636;1000 
1354;639;1000 
0;641;1000 
0;643;0 
0;0;0 
0;0;0 
0;0;0 
0;0;0 
0;0;0 
0;0;0 
0;0;0 
0;0;0 
0;0;0 
0;0;0 
0;0;0 
0;0;0 
0;0;0 
0;0;0 
0;0;0 
0;0;0 
0;0;0 
0;0;0 
0;0;0 
0;0;0 
0;0;0 
0;0;0 
0;0;0 
0;0;0 
0;0;0 
0;0;0 
0;0;0 
0;0;0 
0;0;0 
0;0;0 
0;0;0 
0;0;0 
0;0;0 
0;0;0 
0;0;0 
0;0;0 
0;0;0 
0;0;0 
0;0;0 
0;0;0 
0;0;0 
0;0;0 
0;0;0 
0;0;0 
0;0;0 
0;0;0 
0;0;0 
0;0;0 
0;0;0 
0;0;0 
0;0;0 
0;0;0 
0;0;0 
0;0;0 
0;0;0 
0;0;0 
0;0;0 
0;0;0 
0;0;0 
0;0;0 
0;0;0 
0;0;0 
0;0;0 
0;0;0 
0;0;0 
0;0;0 
0;0;0 
0;0;0 
0;0;0 
0;0;0 
0;0;0 
0;0;0 
0;0;0 
0;0;0 
0;0;0 
0;0;0 
0;0;0 
0;0;0 
0;0;0 
0;0;0 
0;0;0 
0;0;0 
0;0;0 
0;0;0 
0;0;0 
0;0;0 
0;0;0 
0;0;0 
0;0;0 
0;0;0 
0;0;0 
0;0;0 
0;0;0 
0;0;0 
0;0;0 
0;0;0 
0;0;0 
0;0;0 
0;0;0 
0;0;0 
0;0;0 
0;0;0 
0;0;0 
0;0;0 
0;0;0 
0;0;0 
0;0;0 
0;0;0 
0;0;0 
0;0;0 
0;0;0 
0;0;0 
0;0;0 
0;0;0 
0;0;0 
0;0;0 
0;0;0 
0;0;0 
0;0;0 
0;0;0 
0;0;0 
0;0;0 
0;0;0 
0;0;0 
0;0;0 
0;0;0 
0;0;0 
0;0;0 
0;0;0 
0;0;0 
0;0;0 
0;0;0 
0;0;0 
0;0;0 
0;0;0 
0;0;0 
0;0;0 
0;0;0 
0;0;0 
0;0;0 
0;0;0 
0;0;0 
0;0;0 
0;0;0 
0;0;0 
0;0;0 
0;0;0 
0;0;0 
0;0;0 
0;0;0 
0;0;0 
0;0;0 
0;0;0 
0;0;0 
0;0;0 
0;0;0 
0;0;0 
0;0;0 
0;0;0 
0;0;0 
0;0;0 
0;0;0 
0;0;0 
0;0;0 
0;0;0 
0;0;0 
0;0;0 
0;0;0 
0;0;0 
0;0;0 
0;0;0 
0;0;0 
0;0;0 
0;0;0 
0;0;0 
0;0;0 
0;0;0 
0;0;0 
0;0;0 
0;0;0 
0;0;0 
0;0;0 
0;0;0 
0;0;0 
0;0;0 
0;0;0 
0;0;0 
0;0;0 
0;0;0 
0;0;0 
0;0;0 
0;0;0 
0;0;0 
0;0;0 
0;0;0 
0;0;0 
0;0;0 
0;0;0 
0;0;0 
0;0;0 
0;0;0 
0;0;0 
0;0;0 
0;0;0 
0;0;0 
0;0;0 
0;0;0 
0;0;0 
0;0;0 
0;0;0 
0;0;0 
0;0;0 
0;0;0 
0;0;0 
0;0;0 
0;0;0 
0;0;0 
0;0;0 
0;0;0 
0;0;0 
0;0;0 
0;0;0 
0;0;0 
0;0;0 
0;0;0 
0;0;0 
0;0;0 
0;0;0 
0;0;0 
0;0;0 
0;0;0 
0;0;0 
0;0;0 
0;0;0 
0;0;0 
0;0;0 
0;0;0 
0;0;0 
0;0;0 
0;0;0 
0;0;0 
0;0;0 
0;0;0 
0;0;0 
0;0;0 
0;0;0 
0;0;0 
0;0;0 
0;0;0 
0;0;0 
0;0;0 
0;0;0 
0;0;0 
0;0;0 
0;0;0 
0;0;0 
0;0;0 
0;0;0 
0;0;0 
0;0;0 
0;0;0 
0;0;0 
0;0;0 
0;0;0 
0;0;0 
0;0;0 
0;0;0 
0;0;0 
0;0;0 
0;0;0 
0;0;0 
0;0;0 
0;0;0 
0;0;0 
0;0;0 
0;0;0 
0;0;0 
0;0;0 
0;0;0 
0;0;0 
0;0;0 
0;0;0 
0;0;0 
0;0;0 
0;0;0 
0;0;0 
0;0;0 
0;0;0 
0;0;0 
0;0;0 
0;0;0 
0;0;0 
0;0;0 
0;0;0 
0;0;0 
0;0;0 
0;0;0 
0;0;0 
0;0;0 
0;0;0 
0;0;0 
0;0;0 
0;0;0 
0;0;0 
0;0;0 
0;0;0 
0;0;0 
0;0;0 
0;0;0 
0;0;0 
0;0;0 
0;0;0 
0;0;0 
0;0;0 
0;0;0 
0;0;0 
0;0;0 
0;0;0 
0;0;0 
0;0;0 
0;0;0 
0;0;0 
0;0;0 
0;0;0 
0;0;0 
0;0;0 
0;0;0 
0;0;0 
0;0;0 
0;0;0 
0;0;0 
0;0;0 
0;0;0 
0;0;0 
0;0;0 
0;0;0 
0;0;0 
0;0;0 
0;0;0 
0;0;0 
0;0;0 
0;0;0 
0;0;0 
0;0;0 
0;0;0 
0;0;0 
0;0;0 
0;0;0 
0;0;0 
0;0;0 
0;0;0 
0;0;0 
0;0;0 
0;0;0 
0;0;0 
0;0;0 
0;0;0 
0;0;0 
0;0;0 
0;0;0 
0;0;0 
0;0;0 
0;0;0 
0;0;0 
0;0;0 
0;0;0 
0;0;0 
0;0;0 
0;0;0 
0;0;0 
0;0;0 
0;0;0 
0;0;0 
0;0;0 
0;0;0 
0;0;0 
0;0;0 
0;0;0 
0;0;0 
0;0;0 
0;0;0 
0;0;0 
0;0;0 
0;0;0 
0;0;0 
0;0;0 
0;0;0 
0;0;0 
0;0;0 
0;0;0 
0;0;0 
0;0;0 
0;0;0 
0;0;0 
0;0;0 
0;0;0 
0;0;0 
0;0;0 
0;0;0 
0;0;0 
0;0;0 
0;0;0 
0;0;0 
0;0;0 
0;0;0 
0;0;0 
0;0;0 
0;0;0 
0;0;0 
0;0;0 
0;0;0 
0;0;0 
0;0;0 
0;0;0 
0;0;0 
0;0;0 
0;0;0 
0;0;0 
0;0;0 
0;0;0 
0;0;0 
0;0;0 
0;0;0 
0;0;0 
0;0;0 
0;0;0 
0;0;0 
0;0;0 
0;0;0 
0;0;0 
0;0;0 
0;0;0 
0;0;0 
0;0;0 
0;0;0 
0;0;0 
0;0;0 
0;0;0 
0;0;0 
0;0;0 
0;0;0 
0;0;0 
0;0;0 
0;0;0 
0;0;0 
0;0;0 
0;0;0 
0;0;0 
0;0;0 
0;0;0 
0;0;0 
0;0;0 
0;0;0 
0;0;0 
0;0;0 
0;0;0 
0;0;0 
0;0;0 
0;0;0 
0;0;0 
0;0;0 
0;0;0 
0;0;0 
0;0;0 
0;0;0 
0;0;0 
0;0;0 
0;0;0 
0;0;0 
0;0;0 
0;0;0 
0;0;0 
0;0;0 
0;0;0 
0;0;0 
0;0;0 
0;0;0 
0;0;0 
0;0;0 
0;0;0 
0;0;0 
0;0;0 
0;0;0 
0;0;0 
0;0;0 
0;0;0 
0;0;0 
0;0;0 
0;0;0 
0;0;0 
0;0;0 
0;0;0 
0;0;0 
0;0;0 
0;0;0 
0;0;0 
0;0;0 
0;0;0 
0;0;0 
0;0;0 
0;0;0 
0;0;0 
0;0;0 
0;0;0 
0;0;0 
0;0;0 
0;0;0 
0;0;0 
0;0;0 
0;0;0 
0;0;0 
0;0;0 
0;0;0 
0;0;0 
0;0;0 
0;0;0 
0;0;0 
0;0;0 
0;0;0 
0;0;0 
0;0;0 
0;0;0 
0;0;0 
0;0;0 
0;0;0 
0;0;0 
0;0;0 
0;0;0 
0;0;0 
0;0;0 
0;0;0 
0;0;0 
0;0;0 
0;0;0 
0;0;0 
0;0;0 
0;0;0 
0;0;0 
0;0;0 
0;0;0 
0;0;0 
0;0;0 
0;0;0 
0;0;0 
0;0;0 
0;0;0 
0;0;0 
0;0;0 
0;0;0 
0;0;0 
0;0;0 
0;0;0 
0;0;0 
0;0;0 
0;0;0 
0;0;0 
0;0;0 
0;0;0 
0;0;0 
0;0;0 
0;0;0 
0;0;0 
0;0;0 
0;0;0 
0;0;0 
0;0;0 
0;0;0 
0;0;0 
0;0;0 
0;0;0 
0;0;0 
0;0;0 
0;0;0 
0;0;0 
0;0;0 
0;0;0 
0;0;0 
0;0;0 
0;0;0 
0;0;0 
0;0;0 
0;0;0 
0;0;0 
0;0;0 
0;0;0 
0;0;0 
 
 
Mesures en deceleration 
Courant;Position;Vitesse 
0;646;1000 
0;648;0 
0;650;1000 
0;652;1000 
0;655;0 
0;657;0 
0;659;1000 
0;661;0 
0;663;1000 
0;665;1000 
0;667;0 
0;669;0 
0;671;1000 
0;673;1000 
0;675;1000 
0;676;0 
0;679;0 
0;680;1000 
0;682;1000 
0;683;0 
0;685;1000 
0;687;0 
0;689;1000 
0;691;0 
0;692;1000 
0;694;0 
0;695;0 
0;697;1000 
0;699;0 
0;700;1000 
0;701;1000 
0;703;0 
0;704;1000 
0;706;1000 
0;707;0 
0;709;0 
0;710;0 
0;711;0 
0;713;1000 
0;714;1000 
0;715;0 
0;717;1000 
0;718;1000 
0;719;0 
0;720;0 
0;722;1000 
0;723;0 
0;724;1000 
0;725;0 
0;727;0 
0;727;0 
0;729;0 
0;730;1000 
0;731;0 
0;732;1000 
0;733;0 
0;734;0 
0;735;0 
0;736;0 
0;737;0 
0;738;0 
0;739;0 
0;740;1000 
0;741;1000 
0;742;0 
0;743;0 
0;743;0 
0;745;0 
0;746;0 
0;747;0 
0;747;0 
0;748;1000 
0;749;1000 
0;750;1000 
0;751;1000 
0;751;0 
0;752;1000 
0;753;1000 
0;754;0 
0;754;0 
0;755;0 
0;755;0 
0;756;0 
0;757;0 
0;758;0 
0;759;0 
0;759;0 
0;759;0 
0;760;0 
0;761;1000 
0;761;0 
0;762;0 
0;763;1000 
0;763;0 
0;763;0 
0;764;0 
0;765;1000 
0;765;0 
0;766;0 
0;767;0 
0;767;0 
0;767;0 
0;768;0 
0;768;0 
0;769;1000 
0;769;0 
0;770;0 
0;770;0 
0;771;0 
0;771;0 
0;771;0 
0;772;0 
0;772;0 
0;772;0 
0;773;0 
0;773;0 
0;774;0 
0;774;0 
0;775;0 
0;775;0 
0;775;0 
0;775;0 
0;775;0 
0;776;0 
0;776;0 
0;777;1000 
0;777;0 
0;777;0 
0;778;0 
0;778;0 
0;778;0 
0;779;0 
0;779;0 
0;779;0 
0;779;0 
0;779;0 
0;779;0 
0;779;0 
0;779;0 
0;780;0 
0;780;0 
0;780;0 
0;780;0 
0;780;0 
0;780;0 
0;781;0 
0;781;0 
0;781;0 
0;781;0 
0;781;0 
0;781;0 
0;781;0 
0;782;0 
0;782;0 
0;782;0 
0;782;0 
0;782;0 
0;782;0 
0;782;0 
0;782;0 
0;782;0 
0;782;0 
0;782;0 
0;782;0 
0;782;0 
0;782;0 
0;782;0 
0;782;0 
0;782;0 
0;782;0 
0;782;0 
0;782;0 
0;782;0 
0;782;0 
0;782;0 
0;782;0 
0;782;0 
0;782;0 
0;782;0 
0;782;0 
0;782;0 
0;782;0 
0;782;0 
0;782;0 
0;782;0 
0;782;0 
0;782;0 
0;782;0 
0;782;0 
0;782;0 
0;782;0 
0;782;0 
0;782;0 
0;782;0 
0;782;0 
0;782;0 
0;782;0 
0;782;0 
0;782;0 
0;782;0 
0;782;0 
0;782;0 
0;782;0 
0;782;0 
0;782;0 
0;782;0 
0;782;0 
0;782;0 
0;782;0 
0;782;0 
0;782;0 
0;782;0 
0;782;0 
0;782;0 
0;782;0 
0;782;0 
0;782;0 
0;782;0 
0;782;0 
0;782;0 
0;782;0 
0;782;0 
0;782;0 
0;782;0 
0;782;0 
0;782;0 
0;782;0 
0;782;0 
0;782;0 
0;782;0 
0;782;0 
0;782;0 
0;782;0 
0;782;0 
0;782;0 
0;782;0 
0;782;0 
0;782;0 
0;782;0 
0;782;0 
0;782;0 
0;782;0 
0;782;0 
0;782;0 
0;782;0 
0;782;0 
0;782;0 
0;782;0 
0;782;0 
0;782;0 
0;782;0 
0;782;0 
0;782;0 
0;782;0 
0;782;0 
0;782;0 
0;782;0 
0;782;0 
0;782;0 
0;782;0 
0;782;0 
0;782;0 
0;782;0 
0;782;0 
0;782;0 
0;782;0 
0;782;0 
0;782;0 
0;782;0 
0;782;0 
0;782;0 
0;782;0 
0;782;0 
0;782;0 
0;782;0 
0;782;0 
0;782;0 
0;782;0 
0;782;0 
0;782;0 
0;782;0 
0;782;0 
0;782;0 
0;782;0 
0;782;0 
0;782;0 
0;782;0 
0;782;0 
0;782;0 
0;782;0 
0;782;0 
0;782;0 
0;782;0 
0;782;0 
0;782;0 
0;782;0 
0;782;0 
0;782;0 
0;782;0 
0;782;0 
0;782;0 
0;782;0 
0;782;0 
0;782;0 
0;782;0 
0;782;0 
0;782;0 
0;782;0 
0;782;0 
0;782;0 
0;782;0 
0;782;0 
0;782;0 
0;782;0 
0;782;0 
0;782;0 
0;782;0 
0;782;0 
0;782;0 
0;782;0 
0;782;0 
0;782;0 
0;782;0 
0;782;0 
0;782;0 
0;782;0 
0;782;0 
0;782;0 
0;782;0 
0;782;0 
0;782;0 
0;782;0 
0;782;0 
0;782;0 
0;782;0 
0;782;0 
0;782;0 
0;782;0 
0;782;0 
0;782;0 
0;782;0 
0;782;0 
0;782;0 
0;782;0 
0;782;0 
0;782;0 
0;782;0 
0;782;0 
0;782;0 
0;782;0 
0;782;0 
0;782;0 
0;782;0 
0;782;0 
0;782;0 
0;782;0 
0;782;0 
0;782;0 
0;782;0 
0;782;0 
0;782;0 
0;782;0 
0;782;0 
0;782;0 
0;782;0 
0;782;0 
0;782;0 
0;782;0 
0;782;0 
0;782;0 
0;782;0 
0;782;0 
0;782;0 
0;782;0 
0;782;0 
0;782;0 
0;782;0 
0;782;0 
0;782;0 
0;782;0 
0;782;0 
0;782;0 
0;782;0 
0;782;0 
0;782;0 
0;782;0 
0;782;0 
0;782;0 
0;782;0 
0;782;0 
0;782;0 
0;782;0 
0;782;0 
0;782;0 
0;782;0 
0;782;0 
0;782;0 
0;782;0 
0;782;0 
0;782;0 
0;782;0 
0;782;0 
0;782;0 
0;782;0 
0;782;0 
0;782;0 
0;782;0 
0;782;0 
0;782;0 
0;782;0 
0;782;0 
0;782;0 
0;782;0 
0;782;0 
0;782;0 
0;782;0 
0;782;0 
0;0;0 
0;0;0 
0;0;0 
0;0;0 
0;0;0 
0;0;0 
0;0;0 
0;0;0 
0;0;0 
0;0;0 
0;0;0 
0;0;0 
0;0;0 
0;0;0 
0;0;0 
0;0;0 
0;0;0 
0;0;0 
0;0;0 
0;0;0 
0;0;0 
0;0;0 
0;0;0 
0;0;0 
0;0;0 
0;0;0 
0;0;0 
0;0;0 
0;0;0 
0;0;0 
0;0;0 
0;0;0 
0;0;0 
0;0;0 
0;0;0 
0;0;0 
0;0;0 
0;0;0 
0;0;0 
0;0;0 
0;0;0 
0;0;0 
0;0;0 
0;0;0 
0;0;0 
0;0;0 
0;0;0 
0;0;0 
0;0;0 
0;0;0 
0;0;0 
0;0;0 
0;0;0 
0;0;0 
0;0;0 
0;0;0 
0;0;0 
0;0;0 
0;0;0 
0;0;0 
0;0;0 
0;0;0 
0;0;0 
0;0;0 
0;0;0 
0;0;0 
0;0;0 
0;0;0 
0;0;0 
0;0;0 
0;0;0 
0;0;0 
0;0;0 
0;0;0 
0;0;0 
0;0;0 
0;0;0 
0;0;0 
0;0;0 
0;0;0 
0;0;0 
0;0;0 
0;0;0 
0;0;0 
0;0;0 
0;0;0 
0;0;0 
0;0;0 
0;0;0 
0;0;0 
0;0;0 
0;0;0 
0;0;0 
0;0;0 
0;0;0 
0;0;0 
0;0;0 
0;0;0 
0;0;0 
0;0;0 
0;0;0 
0;0;0 
0;0;0 
0;0;0 
0;0;0 
0;0;0 
0;0;0 
0;0;0 
0;0;0 
0;0;0 
0;0;0 
0;0;0 
0;0;0 
0;0;0 
0;0;0 
0;0;0 
0;0;0 
0;0;0 
0;0;0 
0;0;0 
0;0;0 
0;0;0 
0;0;0 
0;0;0 
0;0;0 
0;0;0 
0;0;0 
0;0;0 
0;0;0 
0;0;0 
0;0;0 
0;0;0 
0;0;0 
0;0;0 
0;0;0 
0;0;0 
0;0;0 
0;0;0 
0;0;0 
0;0;0 
0;0;0 
0;0;0 
0;0;0 
0;0;0 
0;0;0 
0;0;0 
0;0;0 
0;0;0 
0;0;0 
0;0;0 
0;0;0 
0;0;0 
0;0;0 
0;0;0 
0;0;0 
0;0;0 
0;0;0 
0;0;0 
0;0;0 
0;0;0 
0;0;0 
0;0;0 
0;0;0 
0;0;0 
0;0;0 
0;0;0 
0;0;0 
0;0;0 
0;0;0 
0;0;0 
0;0;0 
0;0;0 
0;0;0 
0;0;0 
0;0;0 
0;0;0 
0;0;0 
0;0;0 
0;0;0 
0;0;0 
0;0;0 
0;0;0 
0;0;0 
0;0;0 
0;0;0 
0;0;0 
0;0;0 
0;0;0 
0;0;0 
0;0;0 
0;0;0 
0;0;0 
0;0;0 
0;0;0 
0;0;0 
0;0;0 
0;0;0 
0;0;0 
0;0;0 
0;0;0 
0;0;0 
0;0;0 
0;0;0 
0;0;0 
0;0;0 
0;0;0 
0;0;0 
0;0;0 
0;0;0 
0;0;0 
0;0;0 
0;0;0 
0;0;0 
0;0;0 
0;0;0 
0;0;0 
0;0;0 
0;0;0 
0;0;0 
0;0;0 
0;0;0 
0;0;0 
0;0;0 
0;0;0 
0;0;0 
0;0;0 
0;0;0 
0;0;0 
0;0;0 
0;0;0 
0;0;0 
0;0;0 
0;0;0 
0;0;0 
0;0;0 
0;0;0 
0;0;0 
0;0;0 
0;0;0 
0;0;0 
0;0;0 
0;0;0 
0;0;0 
0;0;0 
0;0;0 
0;0;0 
0;0;0 
0;0;0 
0;0;0 
0;0;0 
0;0;0 
0;0;0 
0;0;0 
0;0;0 
0;0;0 
0;0;0 
0;0;0 
0;0;0 
0;0;0 
0;0;0 
0;0;0 
0;0;0 
0;0;0 
0;0;0 
0;0;0 
0;0;0 
0;0;0 
0;0;0 
0;0;0 
0;0;0 
0;0;0 
0;0;0 
0;0;0 
0;0;0 
0;0;0 
0;0;0 
0;0;0 
0;0;0 
0;0;0 
0;0;0 
0;0;0 
0;0;0 
0;0;0 
0;0;0 
0;0;0 
0;0;0 
0;0;0 
0;0;0 
0;0;0 
0;0;0 
0;0;0 
0;0;0 
0;0;0 
0;0;0 
0;0;0 
0;0;0 
0;0;0 
0;0;0 
0;0;0 
0;0;0 
0;0;0 
0;0;0 
0;0;0 
0;0;0 
0;0;0 
0;0;0 
0;0;0 
0;0;0 
0;0;0 
0;0;0 
0;0;0 
0;0;0 
0;0;0 
0;0;0 
0;0;0 
0;0;0 
0;0;0 
0;0;0 
0;0;0 
0;0;0 
0;0;0 
0;0;0 
0;0;0 
0;0;0 
0;0;0 
0;0;0 
0;0;0 
0;0;0 
0;0;0 
0;0;0 
0;0;0 
0;0;0 
0;0;0 
0;0;0 
0;0;0 
0;0;0 
0;0;0 
0;0;0 
0;0;0 
0;0;0 
0;0;0 
0;0;0 
0;0;0 
0;0;0 
0;0;0 
0;0;0 
0;0;0 
0;0;0 
0;0;0 
0;0;0 
0;0;0 
0;0;0 
0;0;0 
0;0;0 
0;0;0 
0;0;0 
0;0;0 
0;0;0 
0;0;0 
0;0;0 
0;0;0 
0;0;0 
0;0;0 
0;0;0 
0;0;0 
0;0;0 
0;0;0 
0;0;0 
0;0;0 
0;0;0 
0;0;0 
0;0;0 
0;0;0 
0;0;0 
0;0;0 
0;0;0 
0;0;0 
0;0;0 
0;0;0 
0;0;0 
0;0;0 
0;0;0 
0;0;0 
0;0;0 
0;0;0 
0;0;0 
0;0;0 
0;0;0 
0;0;0 
0;0;0 
0;0;0 
0;0;0 
0;0;0 
0;0;0 
0;0;0 
0;0;0 
0;0;0 
0;0;0 
0;0;0 
0;0;0 
0;0;0 
0;0;0 
0;0;0 
0;0;0 
0;0;0 
0;0;0 
0;0;0 
0;0;0 
0;0;0 
0;0;0 
0;0;0 
0;0;0 
0;0;0 
0;0;0 
0;0;0 
0;0;0 
0;0;0 
0;0;0 
0;0;0 
0;0;0 
0;0;0 
0;0;0 
0;0;0 
0;0;0 
0;0;0 
0;0;0 
0;0;0 
0;0;0 
0;0;0 
0;0;0 
0;0;0 
0;0;0 
0;0;0 
0;0;0 
0;0;0 
0;0;0 
0;0;0 
0;0;0 
0;0;0 
0;0;0 
0;0;0 
0;0;0 
0;0;0 
0;0;0 
0;0;0 
0;0;0 
0;0;0 
0;0;0 
0;0;0 
0;0;0 
0;0;0 
0;0;0 
0;0;0 
0;0;0 
0;0;0 
0;0;0 
0;0;0 
0;0;0 
0;0;0 
0;0;0 
0;0;0 
0;0;0 
0;0;0 
0;0;0 
0;0;0 
0;0;0 
0;0;0 
0;0;0 
0;0;0 
0;0;0 
0;0;0 
0;0;0 
0;0;0 
0;0;0 
0;0;0 
0;0;0 
0;0;0 
0;0;0 
0;0;0 
0;0;0 
0;0;0 
0;0;0 
0;0;0 
0;0;0 
0;0;0 
0;0;0 
0;0;0 
0;0;0 
0;0;0 
0;0;0 
0;0;0 
0;0;0 
0;0;0 
0;0;0 
0;0;0 
0;0;0 
0;0;0 
0;0;0 
0;0;0 
0;0;0 
0;0;0 
0;0;0 
0;0;0 
0;0;0 
0;0;0 
0;0;0 
0;0;0 
0;0;0 
0;0;0 
0;0;0 
0;0;0 
0;0;0 
0;0;0 
0;0;0 
0;0;0 
0;0;0 
0;0;0 
0;0;0 
0;0;0 
0;0;0 
0;0;0 
0;0;0 
0;0;0 
0;0;0 
0;0;0 
0;0;0 
0;0;0 
0;0;0 
0;0;0 
0;0;0 
0;0;0 
0;0;0 
0;0;0 
0;0;0 
0;0;0 
0;0;0 
0;0;0 
0;0;0 
0;0;0 
0;0;0 
0;0;0 
0;0;0 
0;0;0 
0;0;0 
0;0;0 
0;0;0 
0;0;0 
0;0;0 
0;0;0 
0;0;0 
0;0;0 
0;0;0 
0;0;0 
0;0;0 
0;0;0 
0;0;0 
0;0;0 
0;0;0 
0;0;0 
0;0;0 
0;0;0 
0;0;0 
0;0;0 
0;0;0 
0;0;0 
0;0;0 
0;0;0 
0;0;0 
0;0;0 
0;0;0 
0;0;0 
0;0;0 
0;0;0 
0;0;0 
0;0;0 
0;0;0 
0;0;0 
0;0;0 
0;0;0 
0;0;0 
0;0;0 
0;0;0 
0;0;0 
Tapez  1 pour afficher les mesures, 2 pour acquisition avant, 3 pour acquisition arriere: 
Acquisition ... fait 
Tapez  1 pour afficher les mesures, 2 pour acquisition avant, 3 pour acquisition arriere: 
Mesures en acceleration 
Courant;Position;Vitesse 
0;782;0 
0;782;0 
3005;782;0 
3026;781;-1000 
3282;781;0 
3152;781;0 
3199;781;0 
0;781;0 
2870;780;0 
2796;780;0 
2488;780;0 
2514;779;0 
3072;779;0 
0;779;0 
0;779;0 
2038;778;0 
2366;778;0 
2954;777;0 
2761;776;-1000 
0;776;0 
0;775;0 
2280;775;0 
2334;774;-1000 
2706;773;-1000 
2418;773;0 
2096;772;0 
0;771;0 
2848;771;0 
1734;770;0 
2544;769;0 
2313;768;0 
2660;767;-1000 
0;767;0 
0;766;0 
2368;765;0 
2174;764;0 
2443;763;0 
1742;762;-1000 
2708;761;-1000 
0;760;0 
2743;759;0 
2220;759;0 
2341;758;0 
2259;757;0 
2473;755;0 
0;755;0 
0;754;-1000 
2172;753;0 
1670;752;0 
2157;751;0 
1858;751;0 
0;750;0 
0;749;0 
1978;748;0 
2284;747;0 
1991;746;0 
2333;745;-1000 
1879;744;0 
0;743;-1000 
21;743;0 
2186;742;0 
2626;741;0 
2382;740;0 
2658;739;0 
0;739;0 
0;738;0 
2225;737;0 
2216;736;0 
2414;735;0 
2244;734;-1000 
2726;733;-1000 
0;732;-1000 
2643;731;-1000 
2258;731;0 
1826;730;0 
2161;729;0 
2238;728;0 
0;727;0 
0;726;-1000 
2068;725;-1000 
676;724;0 
2278;723;0 
1920;723;0 
0;721;-1000 
0;720;-1000 
2360;719;-1000 
2308;719;0 
2190;717;0 
2156;716;-1000 
2419;715;-1000 
0;715;0 
0;713;0 
1792;712;-1000 
2581;711;-1000 
1728;711;0 
2347;709;-1000 
0;708;-1000 
0;707;0 
2026;706;0 
2108;705;-1000 
2106;704;0 
2263;703;0 
2152;702;-1000 
0;701;0 
2418;700;0 
2230;699;0 
2285;698;0 
2189;696;-1000 
2469;695;-1000 
0;694;0 
0;693;-1000 
1730;692;0 
2424;691;0 
1894;690;0 
1848;688;-1000 
0;687;-1000 
0;686;0 
2218;685;-1000 
1819;683;0 
2035;683;0 
2447;681;0 
2180;680;0 
0;679;0 
3138;678;-1000 
1904;676;-1000 
2294;675;-1000 
2050;674;-1000 
1932;673;0 
0;671;-1000 
0;671;0 
1849;669;-1000 
1984;668;0 
1969;667;0 
2287;665;-1000 
2062;664;0 
0;663;0 
2432;661;-1000 
1817;660;0 
2180;659;0 
2181;657;0 
2047;656;0 
0;655;0 
0;653;0 
1726;652;0 
2192;651;0 
2006;649;-1000 
2018;648;0 
0;647;0 
0;645;-1000 
1510;643;0 
1536;643;0 
2115;641;-1000 
2175;639;-1000 
1703;638;0 
0;637;0 
0;635;0 
1691;634;-1000 
1574;632;-1000 
2160;631;0 
2133;630;0 
0;628;0 
0;627;0 
1663;625;-1000 
1699;623;0 
1438;622;0 
1891;620;0 
2263;619;-1000 
0;618;0 
1713;616;-1000 
1547;615;0 
1586;613;0 
1835;611;-1000 
1450;610;-1000 
0;608;0 
0;607;0 
1756;606;-1000 
1597;604;0 
1609;603;0 
1950;601;-1000 
0;599;-1000 
0;598;-1000 
1520;596;-1000 
1366;595;0 
1608;593;-1000 
2125;591;-1000 
1728;590;-1000 
0;588;-1000 
2463;587;0 
1938;585;-1000 
1662;583;0 
1865;582;-1000 
1838;580;-1000 
0;579;0 
0;577;-1000 
1764;575;0 
1458;574;-1000 
1644;572;-1000 
2150;571;0 
1966;569;-1000 
0;567;0 
2144;566;-1000 
1428;564;-1000 
1761;563;0 
1918;561;0 
2128;559;-1000 
0;558;0 
0;556;-1000 
1387;554;0 
1597;553;0 
2067;551;0 
2047;549;-1000 
0;547;0 
0;546;-1000 
1302;544;0 
1686;543;0 
1710;541;0 
2043;539;-1000 
2028;538;0 
0;535;-1000 
0;534;-1000 
1454;532;-1000 
1770;531;0 
1393;529;0 
1811;527;-1000 
0;525;0 
0;523;0 
1731;522;-1000 
1602;520;0 
1393;519;0 
1766;516;0 
1732;515;0 
0;513;-1000 
2484;511;0 
1853;510;-1000 
1712;507;0 
1977;506;0 
1554;504;-1000 
0;503;0 
0;500;0 
1784;499;0 
1945;497;-1000 
1959;495;-1000 
1761;493;-1000 
0;491;0 
0;490;-1000 
1358;488;-1000 
1660;486;0 
1276;484;0 
1802;483;0 
1631;481;-1000 
0;479;0 
2387;477;-1000 
1800;475;-1000 
1618;474;0 
1734;471;0 
1580;470;-1000 
0;468;-1000 
0;466;0 
1180;464;-1000 
1554;463;0 
1536;460;0 
1837;459;0 
2073;457;-1000 
0;455;0 
1689;453;0 
1847;451;-1000 
1775;450;-1000 
1622;447;0 
2083;446;0 
0;444;-1000 
0;442;-1000 
1566;440;-1000 
1565;439;0 
1699;436;-1000 
1599;435;0 
0;433;0 
0;431;0 
1618;429;-1000 
1579;427;-1000 
1932;425;0 
1785;423;0 
2081;422;-1000 
0;419;-1000 
19;418;-1000 
1510;416;0 
1405;414;0 
1303;412;-1000 
1631;411;0 
0;408;0 
0;407;0 
1192;404;-1000 
1520;403;0 
1559;401;-1000 
1835;399;0 
2012;397;-1000 
0;395;-1000 
1777;393;-1000 
1879;391;0 
1789;390;0 
1694;387;-1000 
2079;386;-1000 
0;383;0 
0;382;-1000 
1637;380;0 
1274;378;0 
1682;376;-1000 
1496;374;-1000 
0;372;0 
0;371;0 
1233;368;0 
1613;367;0 
1300;364;-1000 
1637;363;0 
1702;360;0 
0;359;0 
0;357;-1000 
1472;355;-1000 
1540;353;-1000 
1784;351;0 
1333;349;-1000 
0;347;0 
0;345;0 
1520;343;-1000 
1638;341;-1000 
1765;339;-1000 
1789;337;-1000 
1820;335;-1000 
0;333;-1000 
2117;331;-1000 
1671;329;0 
1355;327;-1000 
1772;325;0 
1734;323;-1000 
0;321;-1000 
0;319;-1000 
1687;317;-1000 
1641;315;-1000 
1443;313;-1000 
2037;311;-1000 
0;309;0 
0;307;-1000 
1576;305;0 
1580;303;-1000 
1841;301;0 
1630;299;-1000 
1882;297;0 
0;295;-1000 
2211;293;-1000 
1749;291;-1000 
1068;289;-1000 
1744;287;-1000 
1814;285;-1000 
0;283;-1000 
0;281;-1000 
1643;279;0 
1723;277;-1000 
1530;275;0 
1308;273;-1000 
1779;271;0 
0;269;0 
1941;267;0 
1235;264;0 
1420;263;0 
1466;260;-1000 
1631;259;0 
0;256;0 
0;255;0 
1163;252;0 
1165;250;0 
1397;248;-1000 
1820;246;0 
0;244;0 
0;242;-1000 
1207;240;0 
1138;238;0 
1536;235;0 
1298;234;-1000 
1750;231;0 
0;230;0 
0;227;0 
1685;226;0 
1485;223;0 
1870;221;0 
1666;219;-1000 
0;217;0 
0;215;-1000 
1347;213;0 
1795;211;0 
1186;209;0 
1726;207;0 
1782;205;0 
0;203;0 
1774;200;0 
1473;199;0 
1547;196;0 
1385;195;0 
1203;192;0 
0;191;0 
0;188;0 
1565;186;0 
1386;184;-1000 
1308;182;-1000 
1441;180;0 
0;178;0 
0;175;0 
1057;174;-1000 
1577;171;0 
1458;170;-1000 
1592;167;-1000 
1876;165;-1000 
0;163;-1000 
2454;161;-1000 
1426;159;-1000 
1642;157;-1000 
1686;155;0 
1563;153;-1000 
0;0;0 
0;0;0 
0;0;0 
0;0;0 
0;0;0 
0;0;0 
0;0;0 
0;0;0 
0;0;0 
0;0;0 
0;0;0 
0;0;0 
0;0;0 
0;0;0 
0;0;0 
0;0;0 
0;0;0 
0;0;0 
0;0;0 
0;0;0 
0;0;0 
0;0;0 
0;0;0 
0;0;0 
0;0;0 
0;0;0 
0;0;0 
0;0;0 
0;0;0 
0;0;0 
0;0;0 
0;0;0 
0;0;0 
0;0;0 
0;0;0 
0;0;0 
0;0;0 
0;0;0 
0;0;0 
0;0;0 
0;0;0 
0;0;0 
0;0;0 
0;0;0 
0;0;0 
0;0;0 
0;0;0 
0;0;0 
0;0;0 
0;0;0 
0;0;0 
0;0;0 
0;0;0 
0;0;0 
0;0;0 
0;0;0 
0;0;0 
0;0;0 
0;0;0 
0;0;0 
0;0;0 
0;0;0 
0;0;0 
0;0;0 
0;0;0 
0;0;0 
0;0;0 
0;0;0 
0;0;0 
0;0;0 
0;0;0 
0;0;0 
0;0;0 
0;0;0 
0;0;0 
0;0;0 
0;0;0 
0;0;0 
0;0;0 
0;0;0 
0;0;0 
0;0;0 
0;0;0 
0;0;0 
0;0;0 
0;0;0 
0;0;0 
0;0;0 
0;0;0 
0;0;0 
0;0;0 
0;0;0 
0;0;0 
0;0;0 
0;0;0 
0;0;0 
0;0;0 
0;0;0 
0;0;0 
0;0;0 
0;0;0 
0;0;0 
0;0;0 
0;0;0 
0;0;0 
0;0;0 
0;0;0 
0;0;0 
0;0;0 
0;0;0 
0;0;0 
0;0;0 
0;0;0 
0;0;0 
0;0;0 
0;0;0 
0;0;0 
0;0;0 
0;0;0 
0;0;0 
0;0;0 
0;0;0 
0;0;0 
0;0;0 
0;0;0 
0;0;0 
0;0;0 
0;0;0 
0;0;0 
0;0;0 
0;0;0 
0;0;0 
0;0;0 
0;0;0 
0;0;0 
0;0;0 
0;0;0 
0;0;0 
0;0;0 
0;0;0 
0;0;0 
0;0;0 
0;0;0 
0;0;0 
0;0;0 
0;0;0 
0;0;0 
0;0;0 
0;0;0 
0;0;0 
0;0;0 
0;0;0 
0;0;0 
0;0;0 
0;0;0 
0;0;0 
0;0;0 
0;0;0 
0;0;0 
0;0;0 
0;0;0 
0;0;0 
0;0;0 
0;0;0 
0;0;0 
0;0;0 
0;0;0 
0;0;0 
0;0;0 
0;0;0 
0;0;0 
0;0;0 
0;0;0 
0;0;0 
0;0;0 
0;0;0 
0;0;0 
0;0;0 
0;0;0 
0;0;0 
0;0;0 
0;0;0 
0;0;0 
0;0;0 
0;0;0 
0;0;0 
0;0;0 
0;0;0 
0;0;0 
0;0;0 
0;0;0 
0;0;0 
0;0;0 
0;0;0 
0;0;0 
0;0;0 
0;0;0 
0;0;0 
0;0;0 
0;0;0 
0;0;0 
0;0;0 
0;0;0 
0;0;0 
0;0;0 
0;0;0 
0;0;0 
0;0;0 
0;0;0 
0;0;0 
0;0;0 
0;0;0 
0;0;0 
0;0;0 
0;0;0 
0;0;0 
0;0;0 
0;0;0 
0;0;0 
0;0;0 
0;0;0 
0;0;0 
0;0;0 
0;0;0 
0;0;0 
0;0;0 
0;0;0 
0;0;0 
0;0;0 
0;0;0 
0;0;0 
0;0;0 
0;0;0 
0;0;0 
0;0;0 
0;0;0 
0;0;0 
0;0;0 
0;0;0 
0;0;0 
0;0;0 
0;0;0 
0;0;0 
0;0;0 
0;0;0 
0;0;0 
0;0;0 
0;0;0 
0;0;0 
0;0;0 
0;0;0 
0;0;0 
0;0;0 
0;0;0 
0;0;0 
0;0;0 
0;0;0 
0;0;0 
0;0;0 
0;0;0 
0;0;0 
0;0;0 
0;0;0 
0;0;0 
0;0;0 
0;0;0 
0;0;0 
0;0;0 
0;0;0 
0;0;0 
0;0;0 
0;0;0 
0;0;0 
0;0;0 
0;0;0 
0;0;0 
0;0;0 
0;0;0 
0;0;0 
0;0;0 
0;0;0 
0;0;0 
0;0;0 
0;0;0 
0;0;0 
0;0;0 
0;0;0 
0;0;0 
0;0;0 
0;0;0 
0;0;0 
0;0;0 
0;0;0 
0;0;0 
0;0;0 
0;0;0 
0;0;0 
0;0;0 
0;0;0 
0;0;0 
0;0;0 
0;0;0 
0;0;0 
0;0;0 
0;0;0 
0;0;0 
0;0;0 
0;0;0 
0;0;0 
0;0;0 
0;0;0 
0;0;0 
0;0;0 
0;0;0 
0;0;0 
0;0;0 
0;0;0 
0;0;0 
0;0;0 
0;0;0 
0;0;0 
0;0;0 
0;0;0 
0;0;0 
0;0;0 
0;0;0 
0;0;0 
0;0;0 
0;0;0 
0;0;0 
0;0;0 
0;0;0 
0;0;0 
0;0;0 
0;0;0 
0;0;0 
0;0;0 
0;0;0 
0;0;0 
0;0;0 
0;0;0 
0;0;0 
0;0;0 
0;0;0 
0;0;0 
0;0;0 
0;0;0 
0;0;0 
0;0;0 
0;0;0 
0;0;0 
0;0;0 
0;0;0 
0;0;0 
0;0;0 
0;0;0 
0;0;0 
0;0;0 
0;0;0 
0;0;0 
0;0;0 
0;0;0 
0;0;0 
0;0;0 
0;0;0 
0;0;0 
0;0;0 
0;0;0 
0;0;0 
0;0;0 
0;0;0 
0;0;0 
0;0;0 
0;0;0 
0;0;0 
0;0;0 
0;0;0 
0;0;0 
0;0;0 
0;0;0 
0;0;0 
0;0;0 
0;0;0 
0;0;0 
0;0;0 
0;0;0 
0;0;0 
0;0;0 
0;0;0 
0;0;0 
0;0;0 
0;0;0 
0;0;0 
0;0;0 
0;0;0 
0;0;0 
0;0;0 
0;0;0 
0;0;0 
0;0;0 
0;0;0 
0;0;0 
0;0;0 
0;0;0 
0;0;0 
0;0;0 
0;0;0 
0;0;0 
0;0;0 
0;0;0 
0;0;0 
0;0;0 
0;0;0 
0;0;0 
0;0;0 
0;0;0 
0;0;0 
0;0;0 
0;0;0 
0;0;0 
0;0;0 
0;0;0 
0;0;0 
0;0;0 
0;0;0 
0;0;0 
0;0;0 
0;0;0 
0;0;0 
0;0;0 
0;0;0 
0;0;0 
0;0;0 
0;0;0 
0;0;0 
0;0;0 
0;0;0 
0;0;0 
0;0;0 
0;0;0 
0;0;0 
0;0;0 
0;0;0 
0;0;0 
0;0;0 
0;0;0 
0;0;0 
0;0;0 
0;0;0 
0;0;0 
0;0;0 
0;0;0 
0;0;0 
0;0;0 
0;0;0 
0;0;0 
0;0;0 
0;0;0 
0;0;0 
0;0;0 
0;0;0 
0;0;0 
0;0;0 
0;0;0 
0;0;0 
0;0;0 
0;0;0 
0;0;0 
0;0;0 
0;0;0 
0;0;0 
0;0;0 
0;0;0 
0;0;0 
0;0;0 
0;0;0 
0;0;0 
0;0;0 
0;0;0 
0;0;0 
0;0;0 
0;0;0 
0;0;0 
0;0;0 
0;0;0 
0;0;0 
0;0;0 
0;0;0 
0;0;0 
0;0;0 
0;0;0 
0;0;0 
0;0;0 
0;0;0 
0;0;0 
0;0;0 
0;0;0 
0;0;0 
0;0;0 
0;0;0 
0;0;0 
0;0;0 
0;0;0 
0;0;0 
0;0;0 
0;0;0 
0;0;0 
0;0;0 
0;0;0 
0;0;0 
0;0;0 
0;0;0 
0;0;0 
0;0;0 
0;0;0 
0;0;0 
0;0;0 
0;0;0 
0;0;0 
0;0;0 
0;0;0 
0;0;0 
0;0;0 
0;0;0 
0;0;0 
0;0;0 
0;0;0 
0;0;0 
0;0;0 
0;0;0 
0;0;0 
0;0;0 
0;0;0 
0;0;0 
0;0;0 
0;0;0 
0;0;0 
0;0;0 
0;0;0 
0;0;0 
0;0;0 
0;0;0 
0;0;0 
0;0;0 
0;0;0 
0;0;0 
0;0;0 
0;0;0 
0;0;0 
0;0;0 
0;0;0 
0;0;0 
0;0;0 
0;0;0 
0;0;0 
0;0;0 
0;0;0 
0;0;0 
0;0;0 
0;0;0 
0;0;0 
0;0;0 
0;0;0 
0;0;0 
0;0;0 
0;0;0 
0;0;0 
0;0;0 
0;0;0 
0;0;0 
0;0;0 
0;0;0 
0;0;0 
0;0;0 
0;0;0 
0;0;0 
0;0;0 
0;0;0 
0;0;0 
0;0;0 
0;0;0 
0;0;0 
0;0;0 
0;0;0 
 
 
Mesures en deceleration 
Courant;Position;Vitesse 
0;151;0 
0;149;-1000 
0;147;0 
0;145;-1000 
0;143;0 
0;141;0 
0;139;-1000 
0;137;-1000 
0;135;-1000 
0;133;0 
0;131;-1000 
0;130;-1000 
0;128;-1000 
0;127;0 
0;125;0 
0;123;-1000 
0;121;0 
0;119;0 
0;118;0 
0;116;0 
0;115;-1000 
0;114;0 
0;112;0 
0;111;0 
0;109;-1000 
0;107;0 
0;106;0 
0;105;-1000 
0;103;-1000 
0;102;-1000 
0;100;0 
0;99;0 
0;98;0 
0;96;0 
0;95;0 
0;94;0 
0;93;0 
0;91;0 
0;91;0 
0;89;0 
0;88;0 
0;87;0 
0;86;0 
0;84;-1000 
0;83;-1000 
0;82;0 
0;81;-1000 
0;80;0 
0;79;0 
0;78;0 
0;77;0 
0;76;0 
0;75;0 
0;74;0 
0;73;0 
0;72;0 
0;71;0 
0;70;0 
0;69;-1000 
0;68;-1000 
0;67;0 
0;67;0 
0;66;0 
0;65;0 
0;64;0 
0;63;0 
0;63;0 
0;62;0 
0;61;0 
0;60;0 
0;59;0 
0;59;0 
0;58;0 
0;57;0 
0;56;0 
0;55;0 
0;55;0 
0;54;-1000 
0;54;0 
0;53;0 
0;52;0 
0;51;-1000 
0;51;0 
0;51;0 
0;50;0 
0;49;-1000 
0;48;0 
0;48;0 
0;47;0 
0;47;0 
0;47;0 
0;46;0 
0;45;-1000 
0;45;0 
0;44;0 
0;44;0 
0;43;0 
0;43;0 
0;43;0 
0;42;0 
0;41;0 
0;41;0 
0;40;-1000 
0;40;0 
0;40;0 
0;39;0 
0;39;0 
0;39;0 
0;38;0 
0;38;0 
0;38;0 
0;37;0 
0;37;0 
0;36;0 
0;36;0 
0;35;0 
0;35;0 
0;35;0 
0;35;0 
0;35;0 
0;34;-1000 
0;34;0 
0;34;0 
0;33;0 
0;33;0 
0;33;0 
0;33;0 
0;32;0 
0;32;0 
0;32;0 
0;31;-1000 
0;31;0 
0;31;0 
0;31;0 
0;31;0 
0;31;0 
0;31;0 
0;31;0 
0;31;0 
0;30;-1000 
0;30;0 
0;30;0 
0;30;0 
0;30;0 
0;30;0 
0;29;0 
0;29;0 
0;29;0 
0;29;0 
0;29;0 
0;29;0 
0;29;0 
0;29;0 
0;29;0 
0;29;0 
0;29;0 
0;29;0 
0;29;0 
0;29;0 
0;29;0 
0;29;0 
0;29;0 
0;29;0 
0;29;0 
0;29;0 
0;29;0 
0;29;0 
0;29;0 
0;29;0 
0;29;0 
0;29;0 
0;29;0 
0;29;0 
0;29;0 
0;29;0 
0;29;0 
0;29;0 
0;29;0 
0;29;0 
0;29;0 
0;29;0 
0;29;0 
0;29;0 
0;29;0 
0;29;0 
0;29;0 
0;29;0 
0;29;0 
0;29;0 
0;29;0 
0;29;0 
0;29;0 
0;29;0 
0;29;0 
0;29;0 
0;29;0 
0;29;0 
0;29;0 
0;29;0 
0;29;0 
0;29;0 
0;29;0 
0;29;0 
0;29;0 
0;29;0 
0;29;0 
0;29;0 
0;29;0 
0;29;0 
0;29;0 
0;29;0 
0;29;0 
0;29;0 
0;29;0 
0;29;0 
0;29;0 
0;29;0 
0;29;0 
0;29;0 
0;29;0 
0;29;0 
0;29;0 
0;29;0 
0;29;0 
0;29;0 
0;29;0 
0;29;0 
0;29;0 
0;29;0 
0;29;0 
0;29;0 
0;29;0 
0;29;0 
0;29;0 
0;29;0 
0;29;0 
0;29;0 
0;29;0 
0;29;0 
0;29;0 
0;29;0 
0;29;0 
0;29;0 
0;29;0 
0;29;0 
0;29;0 
0;29;0 
0;29;0 
0;29;0 
0;29;0 
0;29;0 
0;29;0 
0;29;0 
0;29;0 
0;29;0 
0;29;0 
0;29;0 
0;29;0 
0;29;0 
0;29;0 
0;29;0 
0;29;0 
0;29;0 
0;29;0 
0;29;0 
0;29;0 
0;29;0 
0;29;0 
0;29;0 
0;29;0 
0;29;0 
0;29;0 
0;29;0 
0;29;0 
0;29;0 
0;29;0 
0;29;0 
0;29;0 
0;29;0 
0;29;0 
0;29;0 
0;29;0 
0;29;0 
0;29;0 
0;29;0 
0;29;0 
0;29;0 
0;29;0 
0;29;0 
0;29;0 
0;29;0 
0;29;0 
0;29;0 
0;29;0 
0;29;0 
0;29;0 
0;29;0 
0;29;0 
0;29;0 
0;29;0 
0;29;0 
0;29;0 
0;29;0 
0;29;0 
0;29;0 
0;29;0 
0;29;0 
0;29;0 
0;29;0 
0;29;0 
0;29;0 
0;29;0 
0;29;0 
0;29;0 
0;29;0 
0;29;0 
0;29;0 
0;29;0 
0;29;0 
0;29;0 
0;29;0 
0;29;0 
0;29;0 
0;29;0 
0;29;0 
0;29;0 
0;29;0 
0;29;0 
0;29;0 
0;29;0 
0;29;0 
0;29;0 
0;29;0 
0;29;0 
0;29;0 
0;29;0 
0;29;0 
0;29;0 
0;29;0 
0;29;0 
0;29;0 
0;29;0 
0;29;0 
0;29;0 
0;29;0 
0;29;0 
0;29;0 
0;29;0 
0;29;0 
0;29;0 
0;29;0 
0;29;0 
0;29;0 
0;29;0 
0;29;0 
0;29;0 
0;29;0 
0;29;0 
0;29;0 
0;29;0 
0;29;0 
0;29;0 
0;29;0 
0;29;0 
0;29;0 
0;29;0 
0;29;0 
0;29;0 
0;29;0 
0;29;0 
0;29;0 
0;29;0 
0;29;0 
0;29;0 
0;29;0 
0;29;0 
0;29;0 
0;29;0 
0;29;0 
0;29;0 
0;29;0 
0;29;0 
0;29;0 
0;29;0 
0;29;0 
0;29;0 
0;29;0 
0;29;0 
0;29;0 
0;29;0 
0;29;0 
0;29;0 
0;29;0 
0;29;0 
0;29;0 
0;29;0 
0;29;0 
0;29;0 
0;29;0 
0;29;0 
0;29;0 
0;29;0 
0;29;0 
0;29;0 
0;29;0 
0;29;0 
0;29;0 
0;29;0 
0;29;0 
0;29;0 
0;29;0 
0;29;0 
0;29;0 
0;29;0 
0;29;0 
0;29;0 
0;29;0 
0;0;0 
0;0;0 
0;0;0 
0;0;0 
0;0;0 
0;0;0 
0;0;0 
0;0;0 
0;0;0 
0;0;0 
0;0;0 
0;0;0 
0;0;0 
0;0;0 
0;0;0 
0;0;0 
0;0;0 
0;0;0 
0;0;0 
0;0;0 
0;0;0 
0;0;0 
0;0;0 
0;0;0 
0;0;0 
0;0;0 
0;0;0 
0;0;0 
0;0;0 
0;0;0 
0;0;0 
0;0;0 
0;0;0 
0;0;0 
0;0;0 
0;0;0 
0;0;0 
0;0;0 
0;0;0 
0;0;0 
0;0;0 
0;0;0 
0;0;0 
0;0;0 
0;0;0 
0;0;0 
0;0;0 
0;0;0 
0;0;0 
0;0;0 
0;0;0 
0;0;0 
0;0;0 
0;0;0 
0;0;0 
0;0;0 
0;0;0 
0;0;0 
0;0;0 
0;0;0 
0;0;0 
0;0;0 
0;0;0 
0;0;0 
0;0;0 
0;0;0 
0;0;0 
0;0;0 
0;0;0 
0;0;0 
0;0;0 
0;0;0 
0;0;0 
0;0;0 
0;0;0 
0;0;0 
0;0;0 
0;0;0 
0;0;0 
0;0;0 
0;0;0 
0;0;0 
0;0;0 
0;0;0 
0;0;0 
0;0;0 
0;0;0 
0;0;0 
0;0;0 
0;0;0 
0;0;0 
0;0;0 
0;0;0 
0;0;0 
0;0;0 
0;0;0 
0;0;0 
0;0;0 
0;0;0 
0;0;0 
0;0;0 
0;0;0 
0;0;0 
0;0;0 
0;0;0 
0;0;0 
0;0;0 
0;0;0 
0;0;0 
0;0;0 
0;0;0 
0;0;0 
0;0;0 
0;0;0 
0;0;0 
0;0;0 
0;0;0 
0;0;0 
0;0;0 
0;0;0 
0;0;0 
0;0;0 
0;0;0 
0;0;0 
0;0;0 
0;0;0 
0;0;0 
0;0;0 
0;0;0 
0;0;0 
0;0;0 
0;0;0 
0;0;0 
0;0;0 
0;0;0 
0;0;0 
0;0;0 
0;0;0 
0;0;0 
0;0;0 
0;0;0 
0;0;0 
0;0;0 
0;0;0 
0;0;0 
0;0;0 
0;0;0 
0;0;0 
0;0;0 
0;0;0 
0;0;0 
0;0;0 
0;0;0 
0;0;0 
0;0;0 
0;0;0 
0;0;0 
0;0;0 
0;0;0 
0;0;0 
0;0;0 
0;0;0 
0;0;0 
0;0;0 
0;0;0 
0;0;0 
0;0;0 
0;0;0 
0;0;0 
0;0;0 
0;0;0 
0;0;0 
0;0;0 
0;0;0 
0;0;0 
0;0;0 
0;0;0 
0;0;0 
0;0;0 
0;0;0 
0;0;0 
0;0;0 
0;0;0 
0;0;0 
0;0;0 
0;0;0 
0;0;0 
0;0;0 
0;0;0 
0;0;0 
0;0;0 
0;0;0 
0;0;0 
0;0;0 
0;0;0 
0;0;0 
0;0;0 
0;0;0 
0;0;0 
0;0;0 
0;0;0 
0;0;0 
0;0;0 
0;0;0 
0;0;0 
0;0;0 
0;0;0 
0;0;0 
0;0;0 
0;0;0 
0;0;0 
0;0;0 
0;0;0 
0;0;0 
0;0;0 
0;0;0 
0;0;0 
0;0;0 
0;0;0 
0;0;0 
0;0;0 
0;0;0 
0;0;0 
0;0;0 
0;0;0 
0;0;0 
0;0;0 
0;0;0 
0;0;0 
0;0;0 
0;0;0 
0;0;0 
0;0;0 
0;0;0 
0;0;0 
0;0;0 
0;0;0 
0;0;0 
0;0;0 
0;0;0 
0;0;0 
0;0;0 
0;0;0 
0;0;0 
0;0;0 
0;0;0 
0;0;0 
0;0;0 
0;0;0 
0;0;0 
0;0;0 
0;0;0 
0;0;0 
0;0;0 
0;0;0 
0;0;0 
0;0;0 
0;0;0 
0;0;0 
0;0;0 
0;0;0 
0;0;0 
0;0;0 
0;0;0 
0;0;0 
0;0;0 
0;0;0 
0;0;0 
0;0;0 
0;0;0 
0;0;0 
0;0;0 
0;0;0 
0;0;0 
0;0;0 
0;0;0 
0;0;0 
0;0;0 
0;0;0 
0;0;0 
0;0;0 
0;0;0 
0;0;0 
0;0;0 
0;0;0 
0;0;0 
0;0;0 
0;0;0 
0;0;0 
0;0;0 
0;0;0 
0;0;0 
0;0;0 
0;0;0 
0;0;0 
0;0;0 
0;0;0 
0;0;0 
0;0;0 
0;0;0 
0;0;0 
0;0;0 
0;0;0 
0;0;0 
0;0;0 
0;0;0 
0;0;0 
0;0;0 
0;0;0 
0;0;0 
0;0;0 
0;0;0 
0;0;0 
0;0;0 
0;0;0 
0;0;0 
0;0;0 
0;0;0 
0;0;0 
0;0;0 
0;0;0 
0;0;0 
0;0;0 
0;0;0 
0;0;0 
0;0;0 
0;0;0 
0;0;0 
0;0;0 
0;0;0 
0;0;0 
0;0;0 
0;0;0 
0;0;0 
0;0;0 
0;0;0 
0;0;0 
0;0;0 
0;0;0 
0;0;0 
0;0;0 
0;0;0 
0;0;0 
0;0;0 
0;0;0 
0;0;0 
0;0;0 
0;0;0 
0;0;0 
0;0;0 
0;0;0 
0;0;0 
0;0;0 
0;0;0 
0;0;0 
0;0;0 
0;0;0 
0;0;0 
0;0;0 
0;0;0 
0;0;0 
0;0;0 
0;0;0 
0;0;0 
0;0;0 
0;0;0 
0;0;0 
0;0;0 
0;0;0 
0;0;0 
0;0;0 
0;0;0 
0;0;0 
0;0;0 
0;0;0 
0;0;0 
0;0;0 
0;0;0 
0;0;0 
0;0;0 
0;0;0 
0;0;0 
0;0;0 
0;0;0 
0;0;0 
0;0;0 
0;0;0 
0;0;0 
0;0;0 
0;0;0 
0;0;0 
0;0;0 
0;0;0 
0;0;0 
0;0;0 
0;0;0 
0;0;0 
0;0;0 
0;0;0 
0;0;0 
0;0;0 
0;0;0 
0;0;0 
0;0;0 
0;0;0 
0;0;0 
0;0;0 
0;0;0 
0;0;0 
0;0;0 
0;0;0 
0;0;0 
0;0;0 
0;0;0 
0;0;0 
0;0;0 
0;0;0 
0;0;0 
0;0;0 
0;0;0 
0;0;0 
0;0;0 
0;0;0 
0;0;0 
0;0;0 
0;0;0 
0;0;0 
0;0;0 
0;0;0 
0;0;0 
0;0;0 
0;0;0 
0;0;0 
0;0;0 
0;0;0 
0;0;0 
0;0;0 
0;0;0 
0;0;0 
0;0;0 
0;0;0 
0;0;0 
0;0;0 
0;0;0 
0;0;0 
0;0;0 
0;0;0 
0;0;0 
0;0;0 
0;0;0 
0;0;0 
0;0;0 
0;0;0 
0;0;0 
0;0;0 
0;0;0 
0;0;0 
0;0;0 
0;0;0 
0;0;0 
0;0;0 
0;0;0 
0;0;0 
0;0;0 
0;0;0 
0;0;0 
0;0;0 
0;0;0 
0;0;0 
0;0;0 
0;0;0 
0;0;0 
0;0;0 
0;0;0 
0;0;0 
0;0;0 
0;0;0 
0;0;0 
0;0;0 
0;0;0 
0;0;0 
0;0;0 
0;0;0 
0;0;0 
0;0;0 
0;0;0 
0;0;0 
0;0;0 
0;0;0 
0;0;0 
0;0;0 
0;0;0 
0;0;0 
0;0;0 
0;0;0 
0;0;0 
0;0;0 
0;0;0 
0;0;0 
0;0;0 
0;0;0 
0;0;0 
0;0;0 
0;0;0 
0;0;0 
0;0;0 
0;0;0 
0;0;0 
0;0;0 
0;0;0 
0;0;0 
0;0;0 
0;0;0 
0;0;0 
0;0;0 
0;0;0 
0;0;0 
0;0;0 
0;0;0 
0;0;0 
0;0;0 
0;0;0 
0;0;0 
0;0;0 
0;0;0 
0;0;0 
0;0;0 
0;0;0 
0;0;0 
0;0;0 
0;0;0 
0;0;0 
0;0;0 
0;0;0 
0;0;0 
0;0;0 
0;0;0 
0;0;0 
0;0;0 
0;0;0 
0;0;0 
0;0;0 
0;0;0 
0;0;0 
0;0;0 
0;0;0 
0;0;0 
0;0;0 
0;0;0 
0;0;0 
0;0;0 
0;0;0 
0;0;0 
0;0;0 
0;0;0 
0;0;0 
0;0;0 
0;0;0 
0;0;0 
0;0;0 
0;0;0 
0;0;0 
0;0;0 
0;0;0 
0;0;0 
0;0;0 
0;0;0 
0;0;0 
0;0;0 
0;0;0 
0;0;0 
0;0;0 
0;0;0 
0;0;0 
0;0;0 
0;0;0 
0;0;0 
0;0;0 
0;0;0 
0;0;0 
0;0;0 
0;0;0 
0;0;0 
Tapez  1 pour afficher les mesures, 2 pour acquisition avant, 3 pour acquisition arriere: 
