Mesures en accel/decel 
Acc_I;Acc_Pos;Acc_Vit;Dec_I;Dec_Pos;Dec_Vit 
1452;2662;65535;923;65092;3116 
4044;2662;65535;199;65087;3118 
4089;2662;65535;10;65083;3182 
4095;2662;65535;0;65078;3161 
4095;2662;65535;0;65074;3249 
4095;2662;65535;0;65070;3299 
4075;2662;65535;0;65066;3339 
3770;2662;65535;0;65062;3409 
3748;2661;65535;0;65058;3390 
3765;2661;65535;0;65054;3491 
3974;2660;65535;0;65050;3551 
4013;2660;65535;0;65046;3597 
3794;2659;65535;0;65042;3677 
3642;2659;65535;0;65038;3663 
4095;2658;65535;0;65035;3776 
4062;2658;65535;0;65031;3846 
3659;2657;65535;0;65027;3904 
3660;2656;25875;0;65024;3998 
3801;2655;25875;0;65021;3998 
3879;2655;25875;0;65017;3990 
3919;2654;25875;0;65014;4125 
3762;2653;25875;0;65010;4211 
3731;2652;17882;0;65007;4285 
4072;2651;17882;0;65004;4407 
3699;2650;17882;0;65001;4407 
3672;2650;17882;0;64998;4417 
3431;2649;17882;0;64994;4582 
3671;2647;14786;0;64992;4690 
3455;2646;14786;0;64989;4690 
3640;2646;14786;0;64986;4790 
3451;2645;14786;0;64983;4945 
3666;2643;13586;0;64980;4980 
3539;2642;13586;0;64978;4980 
3506;2641;13586;0;64975;5187 
3598;2640;13187;0;64972;5325 
3420;2639;13187;0;64970;5325 
3735;2638;13187;0;64967;5463 
3342;2637;13187;0;64965;5463 
3464;2636;12880;0;64962;5671 
3510;2634;12880;0;64960;5736 
3564;2634;12880;0;64958;5736 
3400;2632;12458;0;64955;6000 
3584;2631;12458;0;64953;6000 
3505;2630;12458;0;64950;6195 
3335;2629;12458;0;64949;6195 
3485;2627;12026;0;64946;6391 
3341;2626;12026;0;64944;6674 
3480;2625;12026;0;64942;6674 
3268;2624;11489;0;64940;6804 
3365;2622;11489;0;64938;6804 
3493;2622;11489;0;64936;7175 
3284;2620;11240;0;64934;7175 
3180;2619;11240;0;64933;7175 
3444;2618;11240;0;64930;7467 
3236;2616;10738;0;64929;7467 
3351;2615;10738;0;64927;7782 
3357;2614;10738;0;64926;7782 
3287;2612;10190;0;64924;8226 
3264;2610;10190;0;64922;8226 
3208;2610;10190;0;64921;8226 
3237;2608;9791;0;64919;8503 
3110;2606;9791;0;64918;8503 
3207;2605;9791;0;64916;9102 
3320;2603;9245;0;64914;9102 
3404;2602;9245;0;64913;9102 
3171;2600;9021;0;64911;9614 
3173;2598;9021;0;64910;9614 
3082;2597;9021;0;64909;9614 
3212;2595;8773;0;64907;10181 
3204;2594;8773;0;64906;10181 
3213;2592;8521;0;64905;10181 
3110;2590;8521;0;64903;10988 
2995;2589;8521;0;64902;10988 
2957;2587;8297;0;64902;10988 
3038;2585;8297;0;64900;11602 
3130;2583;7992;0;64899;11602 
3194;2582;7992;0;64898;11602 
3082;2580;7930;0;64897;11602 
3215;2578;7930;0;64896;12701 
2999;2576;7755;0;64894;12701 
3044;2574;7755;0;64894;12701 
2935;2573;7755;0;64893;12701 
2998;2570;7642;0;64891;13693 
2882;2569;7642;0;64890;13693 
2866;2566;7509;0;64890;13693 
2877;2565;7509;0;64889;13693 
3006;2563;7227;0;64888;14851 
2905;2561;7227;0;64887;14851 
2852;2559;7193;0;64886;14851 
2904;2557;7193;0;64886;14851 
2935;2555;7130;0;64885;14851 
2811;2553;7130;0;64884;16535 
2940;2551;6956;0;64883;16535 
2830;2549;6956;0;64882;16535 
2788;2547;6893;0;64882;16535 
2852;2545;6893;0;64881;16535 
2910;2542;6694;0;64880;18394 
2774;2541;6694;0;64879;18394 
2951;2538;6673;0;64878;18394 
2820;2536;6593;0;64878;18394 
2886;2534;6593;0;64878;18394 
2886;2532;6500;0;64877;18394 
2915;2530;6500;0;64876;21800 
2822;2527;6446;0;64875;21800 
2767;2526;6446;0;64875;21800 
2793;2523;6244;0;64874;21800 
2756;2521;6244;0;64874;21800 
2760;2518;6262;0;64874;21800 
2719;2516;6206;0;64873;21800 
2776;2514;6206;0;64873;21800 
2852;2511;6126;0;64872;26321 
2750;2510;6126;0;64871;26321 
2695;2507;6094;0;64871;26321 
2667;2505;6094;0;64870;26321 
2855;2502;5894;0;64870;26321 
2739;2500;5963;0;64870;26321 
2810;2498;5963;0;64870;26321 
2683;2495;5895;0;64869;26321 
2517;2493;5895;0;64869;26321 
2647;2490;5825;0;64869;26321 
2658;2488;5831;0;64868;35130 
2639;2486;5831;0;64868;35130 
2684;2483;5653;0;64867;35130 
2649;2481;5653;0;64867;35130 
2798;2478;5681;0;64867;35130 
2643;2475;5613;0;64867;35130 
2484;2473;5613;0;64866;35130 
2610;2470;5594;0;64866;35130 
2609;2468;5584;0;64866;35130 
2602;2466;5584;0;64866;35130 
2615;2462;5406;0;64866;35130 
2614;2460;5454;0;64866;35130 
2700;2458;5454;0;64866;35130 
2579;2455;5420;0;64866;35130 
2482;2452;5371;0;64865;35130 
2561;2450;5371;0;64865;35130 
2472;2447;5334;0;64865;35130 
2459;2444;5238;0;64865;35130 
2667;2442;5238;0;64865;35130 
2490;2439;5251;0;64865;35130 
2524;2436;5232;0;64865;35130 
2516;2434;5232;0;64865;35130 
2467;2431;5158;0;64865;35130 
2430;2428;5195;0;64865;35130 
2455;2426;5195;0;64865;35130 
2510;2422;5052;0;64865;35130 
2462;2420;5084;0;64865;35130 
2444;2417;5084;0;64865;35130 
2477;2414;5049;0;64865;35130 
2521;2411;5044;0;64865;35130 
2344;2409;5044;0;64865;35130 
2377;2406;5021;0;64865;35130 
2396;2403;4895;0;64865;35130 
2404;2400;4921;0;64865;35130 
2404;2398;4921;0;64865;35130 
2383;2394;4945;0;64865;35130 
2453;2391;4893;0;64865;65535 
2255;2389;4893;0;64865;65535 
2334;2386;4892;0;64865;65535 
2345;2382;4751;0;64865;65535 
2334;2380;4848;0;64865;65535 
2294;2377;4848;0;64865;65535 
2362;2374;4814;0;64865;65535 
2420;2371;4783;0;64865;65535 
2276;2368;4786;0;64865;65535 
2268;2365;4786;0;64865;65535 
2460;2362;4673;0;64865;65535 
2240;2359;4722;0;64865;65535 
2207;2356;4713;0;64865;65535 
2261;2353;4713;0;64865;65535 
2291;2350;4686;0;64865;65535 
2221;2347;4692;0;64865;65535 
2215;2344;4585;0;64865;65535 
2303;2341;4585;0;64865;65535 
2259;2338;4635;0;64865;65535 
2261;2335;4608;0;64865;65535 
2324;2332;4623;0;64865;65535 
2171;2329;4623;0;64865;65535 
2158;2326;4608;0;64865;65535 
2261;2322;4504;0;64865;65535 
2345;2319;4547;0;64865;65535 
2165;2317;4547;0;64865;65535 
2216;2314;4548;0;64865;65535 
2159;2310;4518;0;64865;65535 
2087;2307;4521;0;64865;65535 
2045;2304;4432;0;64865;65535 
2178;2301;4432;0;64865;65535 
2156;2298;4459;0;64865;65535 
2142;2294;4485;0;64865;65535 
2225;2291;4447;0;64865;65535 
2092;2288;4455;0;64865;65535 
2037;2285;4455;0;64865;65535 
2302;2282;4358;0;64865;65535 
2098;2278;4405;0;64865;65535 
2179;2275;4398;0;64865;65535 
2162;2272;4373;0;64865;65535 
2026;2269;4373;0;64865;65535 
2023;2266;4384;0;64865;65535 
2160;2262;4286;0;64865;65535 
2077;2259;4331;0;64865;65535 
2050;2256;4326;0;64865;65535 
2051;2253;4326;0;64865;65535 
2064;2250;4301;0;64865;65535 
1956;2246;4295;0;64865;65535 
2104;2243;4239;0;64865;65535 
2125;2239;4253;0;64865;65535 
2021;2236;4270;0;64865;65535 
2004;2233;4270;0;64865;65535 
2057;2230;4222;0;64865;65535 
1938;2226;4271;0;64865;65535 
2037;2223;4160;0;64865;65535 
2091;2219;4210;0;64865;65535 
2006;2216;4205;0;64865;65535 
1988;2213;4205;0;64865;65535 
2066;2210;4189;0;64865;65535 
1979;2206;4204;0;64865;65535 
2061;2202;4112;0;64865;65535 
2051;2199;4160;0;64865;65535 
2002;2196;4152;0;64865;65535 
1984;2193;4152;0;64865;65535 
2006;2189;4149;0;64865;65535 
1985;2186;4143;0;64865;65535 
2143;2182;4078;0;64865;65535 
2025;2179;4111;0;64865;65535 
1981;2175;4099;0;64865;65535 
2055;2172;4096;0;64865;65535 
1958;2169;4096;0;64865;65535 
1945;2165;4096;0;64865;65535 
2174;2162;4038;0;64865;65535 
2085;2158;4054;0;64865;65535 
1966;2154;4075;0;64865;65535 
2085;2151;4046;0;64865;65535 
1983;2148;4059;0;64865;65535 
1996;2144;3971;0;64865;65535 
2091;2141;3971;0;64865;65535 
1996;2138;4017;0;64865;65535 
1988;2134;4008;0;64865;65535 
1996;2130;3996;0;64865;65535 
1871;2126;3997;0;64865;65535 
1990;2123;3950;0;64865;65535 
2020;2119;3970;0;64865;65535 
1884;2116;3968;0;64865;65535 
1913;2113;3968;0;64865;65535 
1927;2109;3956;0;64865;65535 
1898;2106;3966;0;64865;65535 
2099;2102;3866;0;64865;65535 
1974;2098;3940;0;64865;65535 
1899;2094;3924;0;64865;65535 
1974;2091;3908;0;64865;65535 
1914;2087;3913;0;64865;65535 
1926;2084;3845;0;64865;65535 
1984;2080;3882;0;64865;65535 
1837;2077;3882;0;64865;65535 
1851;2073;3862;0;64865;65535 
1867;2070;3881;0;64865;65535 
1841;2066;3877;0;64865;65535 
2021;2062;3795;0;64865;65535 
1918;2058;3832;0;64865;65535 
1833;2054;3845;0;64865;65535 
1913;2051;3823;0;64865;65535 
1809;2047;3821;0;64865;65535 
1899;2043;3772;0;64865;65535 
1936;2040;3802;0;64865;65535 
1808;2036;3799;0;64865;65535 
1808;2033;3799;0;64865;65535 
1812;2029;3786;0;64865;65535 
1823;2025;3801;0;64865;65535 
1977;2022;3717;0;64865;65535 
1935;2018;3769;0;64865;65535 
1892;2014;3767;0;64865;65535 
1907;2010;3753;0;64865;65535 
1815;2006;3768;0;64865;65535 
1932;2002;3688;0;64865;65535 
1841;1998;3733;0;64865;65535 
1789;1995;3739;0;64865;65535 
1870;1991;3726;0;64865;65535 
1800;1987;3725;0;64865;65535 
1856;1983;3681;0;64865;65535 
1899;1980;3711;0;64865;65535 
1759;1976;3697;0;64865;65535 
1827;1972;3720;0;64865;65535 
1766;1969;3720;0;64865;65535 
1782;1965;3719;0;64865;65535 
1862;1961;3641;0;64865;65535 
1728;1957;3688;0;64865;65535 
1757;1953;3688;0;64865;65535 
1794;1950;3678;0;64865;65535 
1762;1946;3693;0;64865;65535 
1933;1942;3617;0;64865;65535 
1823;1938;3661;0;64865;65535 
1755;1934;3659;0;64865;65535 
1785;1930;3656;0;64865;65535 
1703;1926;3668;0;64865;65535 
1863;1922;3593;0;64865;65535 
1744;1918;3640;0;64865;65535 
1731;1914;3625;0;64865;65535 
1779;1910;3645;0;64865;65535 
1680;1907;3646;0;64865;65535 
1753;1903;3572;0;64865;65535 
1754;1899;3617;0;64865;65535 
1699;1895;3602;0;64865;65535 
1815;1891;3624;0;64865;65535 
1712;1887;3624;0;64865;65535 
1789;1883;3542;0;64865;65535 
1806;1879;3596;0;64865;65535 
1716;1875;3597;0;64865;65535 
1794;1871;3586;0;64865;65535 
1725;1868;3600;0;64865;65535 
1748;1864;3503;0;64865;65535 
1812;1860;3593;0;64865;65535 
1712;1856;3570;0;64865;65535 
1774;1852;3560;0;64865;65535 
1688;1848;3563;0;64865;65535 
1710;1844;3497;0;64865;65535 
1775;1840;3567;0;64865;65535 
1656;1836;3526;0;64865;65535 
1696;1832;3560;0;64865;65535 
1659;1828;3533;0;64865;65535 
1680;1824;3498;0;64865;65535 
1756;1820;3534;0;64865;65535 
1683;1816;3528;0;64865;65535 
1699;1812;3517;0;64865;65535 
1651;1808;3535;0;64865;65535 
1678;1804;3461;0;64865;65535 
1727;1800;3503;0;64865;65535 
1588;1796;3497;0;64865;65535 
1655;1792;3496;0;64865;65535 
1640;1788;3530;0;64865;65535 
1680;1784;3443;0;64865;65535 
1730;1780;3487;0;64865;65535 
1582;1776;3489;0;64865;65535 
1665;1772;3477;0;64865;65535 
1658;1768;3496;0;64865;65535 
1685;1764;3424;0;64865;65535 
1730;1760;3467;0;64865;65535 
1586;1756;3457;0;64865;65535 
1694;1751;3470;0;64865;65535 
1608;1747;3477;0;64865;65535 
1634;1743;3407;0;64865;65535 
1633;1739;3432;0;64865;65535 
1548;1735;3471;0;64865;65535 
1667;1731;2098;0;64865;65535 
1586;1727;3479;0;64865;65535 
1614;1723;3392;0;64865;65535 
1578;1719;3419;0;64865;65535 
1520;1715;3453;0;64865;65535 
1597;1711;3427;0;64865;65535 
1491;1706;3446;0;64865;65535 
1593;1702;3360;0;64865;65535 
1543;1698;3439;0;64865;65535 
1528;1694;3423;0;64865;65535 
1584;1690;3414;0;64865;65535 
1511;1686;3411;0;64865;65535 
1698;1682;3385;0;64865;65535 
1610;1678;3407;0;64865;65535 
1564;1674;3398;0;64865;65535 
1543;1670;3397;0;64865;65535 
1521;1666;3435;0;64865;65535 
1649;1662;3350;0;64865;65535 
1525;1658;3396;0;64865;65535 
1517;1653;3398;0;64865;65535 
1519;1649;3389;0;64865;65535 
1514;1645;3409;0;64865;65535 
1589;1641;3340;0;64865;65535 
1524;1637;3384;0;64865;65535 
1553;1632;3396;0;64865;65535 
1554;1628;3397;0;64865;65535 
1552;1624;3329;0;64865;65535 
1622;1620;3365;0;64865;65535 
1495;1615;3383;0;64865;65535 
1599;1611;3368;0;64865;65535 
1513;1607;3386;0;64865;65535 
1554;1603;3318;0;64865;65535 
1555;1599;3362;0;64865;65535 
1530;1594;3363;0;64865;65535 
1570;1590;3356;0;64865;65535 
1476;1586;3374;0;64865;65535 
1664;1582;3306;0;64865;65535 
1614;1578;3349;0;64865;65535 
1558;1574;3352;0;64865;65535 
1557;1570;3343;0;64865;65535 
1536;1566;3362;0;64865;65535 
1622;1561;3293;0;64865;65535 
1515;1557;3336;0;64865;65535 
1479;1553;3341;0;64865;65535 
1519;1549;3332;0;64865;65535 
1546;1544;3265;0;64865;65535 
1608;1540;3344;0;64865;65535 
1489;1535;3330;0;64865;65535 
1560;1531;3316;0;64865;65535 
1500;1527;3346;0;64865;65535 
1519;1523;3275;0;64865;65535 
1494;1518;3318;0;64865;65535 
1467;1514;3321;0;64865;65535 
1526;1510;3314;0;64865;65535 
1474;1506;3333;0;64865;65535 
1628;1502;3266;0;64865;65535 
1540;1498;3301;0;64865;65535 
1474;1493;3322;0;64865;65535 
1447;1489;3305;0;64865;65535 
1435;1485;3324;0;64865;65535 
1530;1481;3259;0;64865;65535 
1457;1476;3306;0;64865;65535 
1517;1472;3299;0;64865;65535 
1497;1467;3318;0;64865;65535 
1526;1463;3236;0;64865;65535 
1532;1459;3297;0;64865;65535 
1466;1455;3297;0;64865;65535 
1526;1450;3296;0;64865;65535 
1446;1446;3324;0;64865;65535 
1618;1442;3245;0;64865;65535 
1540;1438;3288;0;64865;65535 
1454;1434;3293;0;64865;65535 
1467;1429;3285;0;64865;65535 
1460;1425;3303;0;64865;65535 
1542;1421;3238;0;64865;65535 
1464;1416;3285;0;64865;65535 
1509;1412;3278;0;64865;65535 
1497;1408;3295;0;64865;65535 
1494;1403;3231;0;64865;65535 
1527;1399;3275;0;64865;65535 
1405;1395;3278;0;64865;65535 
1492;1390;3252;0;64865;65535 
1415;1386;3297;0;64865;65535 
1601;1382;3238;0;64865;65535 
1531;1378;3256;0;64865;65535 
1460;1374;3285;0;64865;65535 
1464;1369;3266;0;64865;65535 
1457;1365;3282;0;64865;65535 
1559;1361;3219;0;64865;65535 
1466;1356;3267;0;64865;65535 
1532;1352;3258;0;64865;65535 
1460;1347;3277;0;64865;65535 
1495;1343;3213;0;64865;65535 
1495;1339;3239;0;64865;65535 
1439;1334;3277;0;64865;65535 
1521;1330;3252;0;64865;65535 
1420;1326;3261;0;64865;65535 
1604;1322;3197;0;64865;65535 
1472;1318;3268;0;64865;65535 
1409;1313;3253;0;64865;65535 
1449;1309;3245;0;64865;65535 
1453;1304;3200;0;64865;65535 
1570;1300;3242;0;64865;65535 
1442;1295;3247;0;64865;65535 
1526;1291;3238;0;64865;65535 
1394;1287;3257;0;64865;65535 
1533;1282;3192;0;64865;65535 
1562;1278;3236;0;64865;65535 
1411;1274;3220;0;64865;65535 
1432;1270;3250;0;64865;65535 
1403;1265;3244;0;64865;65535 
1495;1261;3194;0;64865;65535 
1425;1257;3230;0;64865;65535 
1474;1252;3226;0;64865;65535 
1441;1247;3245;0;64865;65535 
1455;1243;3181;0;64865;65535 
1461;1239;3224;0;64865;65535 
1415;1234;3228;0;64865;65535 
1466;1230;3210;0;64865;65535 
1383;1226;3250;0;64865;65535 
1560;1222;3176;0;64865;65535 
1464;1217;3219;0;64865;65535 
1400;1213;3223;0;64865;65535 
1428;1209;3215;0;64865;65535 
1477;1204;3160;0;64865;65535 
1532;1199;3224;0;64865;65535 
1416;1195;3217;0;64865;65535 
1454;1190;3210;0;64865;65535 
1302;1186;3230;0;64865;65535 
1550;1182;3167;0;64865;65535 
1491;1178;3210;0;64865;65535 
1414;1174;3214;0;64865;65535 
1389;1169;3203;0;64865;65535 
1421;1165;3231;0;64865;65535 
1535;1160;3197;0;64865;65535 
1396;1156;3222;0;64865;65535 
1462;1151;3204;0;64865;65535 
1352;1147;3222;0;64865;65535 
1501;1142;3140;0;64865;65535 
1521;1138;3223;0;64865;65535 
1448;1134;3207;0;64865;65535 
1438;1130;3200;0;64865;65535 
1424;1125;3218;0;64865;65535 
1533;1121;3136;0;64865;65535 
1457;1116;3220;0;64865;65535 
1491;1112;3174;0;64865;65535 
1437;1107;3233;0;64865;65535 
1483;1103;3149;0;64865;65535 
1455;1098;3191;0;64865;65535 
1435;1094;3197;0;64865;65535 
1452;1090;3188;0;64865;65535 
1418;1086;3207;0;64865;65535 
1531;1081;3144;0;64865;65535 
1435;1077;3166;0;64865;65535 
1482;1072;3197;0;64865;65535 
1458;1067;3197;0;64865;65535 
1462;1063;3145;0;64865;65535 
1446;1059;3181;0;64865;65535 
1444;1054;3187;0;64865;65535 
1491;1050;3174;0;64865;65535 
1407;1046;3197;0;64865;65535 
1505;1041;3139;0;64865;65535 
1394;1037;3178;0;64865;65535 
1414;1032;3183;0;64865;65535 
1426;1028;3194;0;64865;65535 
1454;1023;3114;0;64865;65535 
1434;1019;3191;0;64865;65535 
1387;1014;3179;0;64865;65535 
1428;1010;3171;0;64865;65535 
1401;1006;3190;0;64865;65535 
1523;1002;3127;0;64865;65535 
1409;997;3171;0;64865;65535 
1400;992;3167;0;64865;65535 
1422;988;3186;0;64865;65535 
1451;983;3113;0;64865;65535 
1450;979;3176;0;64865;65535 
1393;974;3170;0;64865;65535 
1427;970;3144;0;64865;65535 
1394;966;3197;0;64865;65535 
1525;961;3123;0;64865;65535 
1416;957;3162;0;64865;65535 
1414;952;3159;0;64865;65535 
1442;948;3175;0;64865;65535 
1465;943;3097;0;64865;65535 
1442;939;3177;0;64865;65535 
1377;934;3162;0;64865;65535 
1425;930;3152;0;64865;65535 
1390;926;3176;0;64865;65535 
1493;921;3112;0;64865;65535 
1384;917;3154;0;64865;65535 
1395;912;3166;0;64865;65535 
1403;908;3171;0;64865;65535 
1442;903;3109;0;64865;65535 
1424;899;3142;0;64865;65535 
1385;894;3166;0;64865;65535 
1370;890;3128;0;64865;65535 
1368;886;3189;0;64865;65535 
1485;881;3105;0;64865;65535 
1412;877;3152;0;64865;65535 
1418;872;3161;0;64865;65535 
1407;867;3166;0;64865;65535 
1443;863;3105;0;64865;65535 
1419;858;3147;0;64865;65535 
1421;854;3152;0;64865;65535 
1430;850;3145;0;64865;65535 
1397;845;3164;0;64865;65535 
1473;841;3102;0;64865;65535 
1387;836;3163;0;64865;65535 
1449;832;3131;0;64865;65535 
1403;827;3173;0;64865;65535 
1463;823;3099;0;64865;65535 
1425;818;3142;0;64865;65535 
1415;814;3147;0;64865;65535 
1412;810;3123;0;64865;65535 
1410;805;3174;0;64865;65535 
1491;801;3096;0;64865;65535 
1399;796;3160;0;64865;65535 
1484;791;3134;0;64865;65535 
1387;787;3157;0;64865;65535 
1500;782;3092;0;64865;65535 
1482;778;3135;0;64865;65535 
1429;774;3140;0;64865;65535 
1362;769;3132;0;64865;65535 
1389;765;3151;0;64865;65535 
1452;760;3149;0;64865;65535 
1384;755;3137;0;64865;65535 
1466;751;3130;0;64865;65535 
1342;746;3149;0;64865;65535 
1539;742;3087;0;64865;65535 
1453;738;3129;0;64865;65535 
1383;733;3135;0;64865;65535 
1365;729;3127;0;64865;65535 
1431;724;3097;0;64865;65535 
1480;719;3129;0;64865;65535 
1378;715;3131;0;64865;65535 
1425;710;3123;0;64865;65535 
1377;706;3143;0;64865;65535 
1509;702;3059;0;64865;65535 
1402;697;3144;0;64865;65535 
1372;693;3128;0;64865;65535 
1388;688;3141;0;64865;65535 
1451;683;3077;0;64865;65535 
1450;679;3120;0;64865;65535 
1405;674;3124;0;64865;65535 
1429;670;3117;0;64865;65535 
1401;666;3135;0;64865;65535 
1480;661;3065;0;64865;65535 
1393;657;3125;0;64865;65535 
1438;652;3113;0;64865;65535 
1400;647;3129;0;64865;65535 
1401;643;3073;0;64865;65535 
1402;638;3113;0;64865;65535 
1398;634;3105;0;64865;65535 
1376;630;3122;0;64865;65535 
1379;625;3129;0;64865;65535 
1443;620;3110;0;64865;65535 
1375;616;3115;0;64865;65535 
1449;611;3108;0;64865;65535 
1339;606;3126;0;64865;65535 
1481;602;3065;0;64865;65535 
1452;598;3107;0;64865;65535 
1372;593;3112;0;64865;65535 
1333;589;3104;0;64865;65535 
1406;584;3063;0;64865;65535 
1443;579;3104;0;64865;65535 
1346;575;3097;0;64865;65535 
1397;570;3097;0;64865;65535 
1320;566;3145;0;64865;65535 
1450;562;3049;0;64865;65535 
1346;557;3119;0;64865;65535 
1330;553;3110;0;64865;65535 
1368;548;3124;0;64865;65535 
1381;543;3062;0;64865;65535 
1373;538;3105;0;64865;65535 
1305;534;3111;0;64865;65535 
1326;530;3104;0;64865;65535 
1313;525;3124;0;64865;65535 
1399;521;3064;0;64865;65535 
1332;516;3111;0;64865;65535 
1411;511;3105;0;64865;65535 
1336;507;3108;0;64865;65535 
1426;502;3079;0;64865;65535 
1412;498;3105;0;64865;65535 
1381;494;3108;0;64865;65535 
1335;489;3096;0;64865;65535 
1380;485;3135;0;64865;65535 
1452;480;3097;0;64865;65535 
1353;475;3119;0;64865;65535 
1378;471;3103;0;64865;65535 
1312;466;3122;0;64865;65535 
1489;462;3044;0;64865;65535 
1391;458;3120;0;64865;65535 
1326;453;3109;0;64865;65535 
1367;448;3121;0;64865;65535 
1400;443;3060;0;64865;65535 
1403;439;3102;0;64865;65535 
1340;434;3108;0;64865;65535 
1407;430;3101;0;64865;65535 
1374;426;3121;0;64865;65535 
1470;421;3059;0;64865;65535 
1367;417;3102;0;64865;65535 
1412;412;3101;0;64865;65535 
1393;407;3121;0;64865;65535 
1452;403;3059;0;64865;65535 
1458;398;3101;0;64865;65535 
1416;394;3107;0;64865;65535 
1370;389;3100;0;64865;65535 
1405;385;3119;0;64865;65535 
1491;380;3100;0;64865;65535 
1377;375;3105;0;64865;65535 
1440;371;3098;0;64865;65535 
1343;366;3117;0;64865;65535 
1492;362;3056;0;64865;65535 
1435;358;3100;0;64865;65535 
1325;353;3104;0;64865;65535 
1354;349;3098;0;64865;65535 
1423;344;3035;0;64865;65535 
1417;339;3121;0;64865;65535 
1338;334;3104;0;64865;65535 
1402;330;3097;0;64865;65535 
1373;326;3117;0;64865;65535 
1454;321;3046;0;64865;65535 
1363;317;3097;0;64865;65535 
1387;312;3097;0;64865;65535 
1389;307;3132;0;64865;65535 
1416;303;3055;0;64865;65535 
1426;298;3097;0;64865;65535 
1397;294;3101;0;64865;65535 
1378;290;3095;0;64865;65535 
1378;285;3102;0;64865;65535 
1453;280;3095;0;64865;65535 
1335;275;3099;0;64865;65535 
1392;271;3093;0;64865;65535 
1317;266;3113;0;64865;65535 
1501;262;3052;0;64865;65535 
1414;258;3093;0;64865;65535 
1319;253;3099;0;64865;65535 
1332;249;3091;0;64865;65535 
1409;244;3051;0;64865;65535 
1422;239;3092;0;64865;65535 
1346;234;3098;0;64865;65535 
1376;230;3091;0;64865;65535 
1325;226;3111;0;64865;65535 
1416;221;3051;0;64865;65535 
1329;217;3093;0;64865;65535 
1371;212;3092;0;64865;65535 
1350;207;3112;0;64865;65535 
1380;203;3036;0;64865;65535 
1406;198;3097;0;64865;65535 
1391;194;3097;0;64865;65535 
1359;190;3097;0;64865;65535 
1345;185;3124;0;64865;65535 
1434;180;3094;0;64865;65535 
1380;175;3100;0;64865;65535 
1441;171;3092;0;64865;65535 
1312;166;3112;0;64865;65535 
1478;162;3051;0;64865;65535 
1428;158;3093;0;64865;65535 
1366;153;3098;0;64865;65535 
1350;149;3091;0;64865;65535 
1408;144;3046;0;64865;65535 
1428;139;3096;0;64865;65535 
1385;134;3098;0;64865;65535 
1421;130;3090;0;64865;65535 
1346;126;3104;0;64865;65535 
1460;121;3056;0;64865;65535 
1390;117;3092;0;64865;65535 
1429;112;3090;0;64865;65535 
1418;107;3111;0;64865;65535 
1456;103;3035;0;64865;65535 
1423;98;3097;0;64865;65535 
1397;94;3097;0;64865;65535 
1368;89;3097;0;64865;65535 
1411;85;3097;0;64865;65535 
1493;80;3092;0;64865;65535 
1402;75;3098;0;64865;65535 
1451;71;3091;0;64865;65535 
1344;66;3113;0;64865;65535 
1514;62;3051;0;64865;65535 
1413;58;3096;0;64865;65535 
1302;53;3102;0;64865;65535 
1371;48;3119;0;64865;65535 
1439;44;3042;0;64865;65535 
1461;39;3097;0;64865;65535 
1395;34;3129;0;64865;65535 
1400;30;3104;0;64865;65535 
1406;26;3124;0;64865;65535 
1493;21;3063;0;64865;65535 
1418;17;3107;0;64865;65535 
1441;12;3107;0;64865;65535 
1436;7;3128;0;64865;65535 
1463;3;3068;0;64865;65535 
1427;65534;3112;0;64865;65535 
1416;65530;3111;0;64865;65535 
1400;65526;3097;0;64865;65535 
1360;65521;3154;0;64865;65535 
1422;65517;3072;0;64865;65535 
1372;65512;3123;0;64865;65535 
1465;65507;3116;0;64865;65535 
1332;65503;3137;0;64865;65535 
1432;65498;3061;0;64865;65535 
1431;65494;3133;0;64865;65535 
1366;65490;3125;0;64865;65535 
1339;65485;3118;0;64865;65535 
1356;65480;3070;0;64865;65535 
1446;65476;3129;0;64865;65535 
1384;65471;3126;0;64865;65535 
1412;65467;3121;0;64865;65535 
1352;65462;3139;0;64865;65535 
1521;65458;3070;0;64865;65535 
1424;65454;3130;0;64865;65535 
1343;65449;3127;0;64865;65535 
1387;65444;3139;0;64865;65535 
1448;65440;3069;0;64865;65535 
1469;65435;3130;0;64865;65535 
1379;65430;3126;0;64865;65535 
1439;65426;3119;0;64865;65535 
1415;65422;3139;0;64865;65535 
1522;65418;3070;0;64865;65535 
1402;65413;3126;0;64865;65535 
1420;65408;3119;0;64865;65535 
1446;65403;3118;0;64865;65535 
1459;65399;3096;0;64865;65535 
1426;65394;3098;0;64865;65535 
1423;65390;3146;0;64865;65535 
1432;65386;3118;0;64865;65535 
1424;65381;3127;0;64865;65535 
1489;65377;3086;0;64865;65535 
1409;65372;3134;0;64865;65535 
1481;65367;3116;0;64865;65535 
1414;65363;3137;0;64865;65535 
1448;65358;3074;0;64865;65535 
1503;65354;3119;0;64865;65535 
1446;65350;3102;0;64865;65535 
1384;65345;3136;0;64865;65535 
1436;65341;3136;0;64865;65535 
1520;65336;3118;0;64865;65535 
1430;65331;3120;0;64865;65535 
1451;65327;3097;0;64865;65535 
1364;65322;3156;0;64865;65535 
1556;65318;3074;0;64865;65535 
1498;65314;3119;0;64865;65535 
1366;65309;3124;0;64865;65535 
1387;65305;3112;0;64865;65535 
1465;65300;3077;0;64865;65535 
1488;65295;3121;0;64865;65535 
1416;65291;3126;0;64865;65535 
1473;65286;3118;0;64865;65535 
1386;65282;3141;0;64865;65535 
1533;65278;3079;0;64865;65535 
1407;65273;3124;0;64865;65535 
1414;65269;3128;0;64865;65535 
1453;65264;3151;0;64865;65535 
1471;65259;3081;0;64865;65535 
1449;65255;3124;0;64865;65535 
1422;65250;3129;0;64865;65535 
1431;65246;3122;0;64865;65535 
1412;65242;3142;0;64865;65535 
1479;65237;3080;0;64865;65535 
1431;65233;3123;0;64865;65535 
1471;65228;3126;0;64865;65535 
1434;65223;3139;0;64865;65535 
1463;65219;3077;0;64865;65535 
1456;65214;3119;0;64865;65535 
1436;65210;3123;0;64865;65535 
1442;65206;3098;0;64865;65535 
1454;65201;3152;0;64865;65535 
1526;65196;3114;0;64865;65535 
1455;65192;3118;0;64865;65535 
1507;65187;3109;0;64865;65535 
1392;65182;3117;0;64865;65535 
1538;65178;3080;0;64865;65535 
1496;65174;3108;0;64865;65535 
1411;65169;3103;0;64865;65535 
1411;65165;3097;0;64865;65535 
1443;65160;3051;0;64865;65535 
1502;65155;3097;0;64865;65535 
1410;65151;3128;0;64865;65535 
1469;65146;3102;0;64865;65535 
1408;65142;3121;0;64865;65535 
1540;65138;3059;0;64865;65535 
1415;65133;3102;0;64865;65535 
1399;65128;3100;0;64865;65535 
1419;65124;3118;0;64865;65535 
1446;65119;3058;0;64865;65535 
1439;65114;3100;0;64865;65535 
1410;65110;3104;0;64865;65535 
1418;65106;3097;0;64865;65535 
1405;65101;3117;0;64865;65535 
1470;65097;3044;0;64865;65535 
1927;2453;3655;0;64865;65535 
0;0;0;0;64865;65535 
0;0;0;0;64865;65535 
0;0;0;0;0;0 
0;0;0;0;0;0 
0;0;0;0;0;0 
0;0;0;0;0;0 
0;0;0;0;0;0 
0;0;0;0;0;0 
0;0;0;0;0;0 
0;0;0;0;0;0 
0;0;0;0;0;0 
0;0;0;0;0;0 
0;0;0;0;0;0 
0;0;0;0;0;0 
0;0;0;0;0;0 
0;0;0;0;0;0 
0;0;0;0;0;0 
0;0;0;0;0;0 
0;0;0;0;0;0 
0;0;0;0;0;0 
0;0;0;0;0;0 
0;0;0;0;0;0 
0;0;0;0;0;0 
0;0;0;0;0;0 
0;0;0;0;0;0 
0;0;0;0;0;0 
0;0;0;0;0;0 
0;0;0;0;0;0 
0;0;0;0;0;0 
0;0;0;0;0;0 
0;0;0;0;0;0 
0;0;0;0;0;0 
0;0;0;0;0;0 
0;0;0;0;0;0 
0;0;0;0;0;0 
0;0;0;0;0;0 
0;0;0;0;0;0 
0;0;0;0;0;0 
0;0;0;0;0;0 
0;0;0;0;0;0 
0;0;0;0;0;0 
0;0;0;0;0;0 
0;0;0;0;0;0 
0;0;0;0;0;0 
0;0;0;0;0;0 
0;0;0;0;0;0 
0;0;0;0;0;0 
0;0;0;0;0;0 
0;0;0;0;0;0 
0;0;0;0;0;0 
0;0;0;0;0;0 
0;0;0;0;0;0 
0;0;0;0;0;0 
0;0;0;0;0;0 
0;0;0;0;0;0 
0;0;0;0;0;0 
0;0;0;0;0;0 
0;0;0;0;0;0 
0;0;0;0;0;0 
0;0;0;0;0;0 
0;0;0;0;0;0 
0;0;0;0;0;0 
0;0;0;0;0;0 
0;0;0;0;0;0 
0;0;0;0;0;0 
0;0;0;0;0;0 
0;0;0;0;0;0 
0;0;0;0;0;0 
0;0;0;0;0;0 
0;0;0;0;0;0 
0;0;0;0;0;0 
0;0;0;0;0;0 
0;0;0;0;0;0 
0;0;0;0;0;0 
0;0;0;0;0;0 
0;0;0;0;0;0 
0;0;0;0;0;0 
0;0;0;0;0;0 
0;0;0;0;0;0 
0;0;0;0;0;0 
0;0;0;0;0;0 
0;0;0;0;0;0 
0;0;0;0;0;0 
0;0;0;0;0;0 
0;0;0;0;0;0 
0;0;0;0;0;0 
0;0;0;0;0;0 
0;0;0;0;0;0 
0;0;0;0;0;0 
0;0;0;0;0;0 
0;0;0;0;0;0 
0;0;0;0;0;0 
0;0;0;0;0;0 
0;0;0;0;0;0 
0;0;0;0;0;0 
0;0;0;0;0;0 
0;0;0;0;0;0 
0;0;0;0;0;0 
0;0;0;0;0;0 
0;0;0;0;0;0 
0;0;0;0;0;0 
0;0;0;0;0;0 
0;0;0;0;0;0 
0;0;0;0;0;0 
0;0;0;0;0;0 
0;0;0;0;0;0 
0;0;0;0;0;0 
0;0;0;0;0;0 
0;0;0;0;0;0 
0;0;0;0;0;0 
0;0;0;0;0;0 
0;0;0;0;0;0 
0;0;0;0;0;0 
0;0;0;0;0;0 
0;0;0;0;0;0 
0;0;0;0;0;0 
0;0;0;0;0;0 
0;0;0;0;0;0 
0;0;0;0;0;0 
0;0;0;0;0;0 
0;0;0;0;0;0 
0;0;0;0;0;0 
0;0;0;0;0;0 
0;0;0;0;0;0 
0;0;0;0;0;0 
0;0;0;0;0;0 
0;0;0;0;0;0 
0;0;0;0;0;0 
0;0;0;0;0;0 
0;0;0;0;0;0 
0;0;0;0;0;0 
0;0;0;0;0;0 
0;0;0;0;0;0 
0;0;0;0;0;0 
0;0;0;0;0;0 
0;0;0;0;0;0 
0;0;0;0;0;0 
0;0;0;0;0;0 
0;0;0;0;0;0 
0;0;0;0;0;0 
0;0;0;0;0;0 
0;0;0;0;0;0 
0;0;0;0;0;0 
0;0;0;0;0;0 
0;0;0;0;0;0 
0;0;0;0;0;0 
0;0;0;0;0;0 
0;0;0;0;0;0 
0;0;0;0;0;0 
0;0;0;0;0;0 
0;0;0;0;0;0 
0;0;0;0;0;0 
0;0;0;0;0;0 
0;0;0;0;0;0 
0;0;0;0;0;0 
0;0;0;0;0;0 
0;0;0;0;0;0 
0;0;0;0;0;0 
0;0;0;0;0;0 
0;0;0;0;0;0 
0;0;0;0;0;0 
0;0;0;0;0;0 
0;0;0;0;0;0 
0;0;0;0;0;0 
0;0;0;0;0;0 
0;0;0;0;0;0 
0;0;0;0;0;0 
0;0;0;0;0;0 
Tapez  1 pour afficher les mesures, 2 pour acquisition avant, 3 pour acquisition arriere: 
