Mesures en accel/decel 
Acc_I;Acc_Pos;Acc_Vit;Dec_I;Dec_Pos;Dec_Vit 
2418;0;65535;885;2457;3647 
3813;0;65535;197;2461;3668 
4095;1;65535;10;2464;3774 
4095;1;65535;0;2468;3826 
4095;1;65535;0;2471;3878 
4095;1;65535;0;2475;3948 
4095;2;65535;0;2478;3948 
4019;2;65535;0;2482;4013 
3928;2;65535;0;2486;4137 
4095;2;65535;0;2489;4193 
4095;2;65535;0;2492;4252 
4095;3;65535;0;2495;4331 
4095;3;65535;0;2498;4331 
3948;4;65535;0;2502;4413 
4095;4;65535;0;2505;4552 
4095;5;65535;0;2507;4625 
4095;6;65535;0;2510;4625 
4037;6;65535;0;2514;4700 
3954;6;65535;0;2516;4796 
3885;7;29908;0;2519;4897 
3966;7;29908;0;2522;4897 
3769;8;29908;0;2525;5062 
3884;9;29908;0;2527;5153 
3491;9;29908;0;2530;5153 
3450;10;29908;0;2533;5248 
3634;10;29908;0;2535;5369 
3580;11;24876;0;2538;5369 
3903;11;24876;0;2541;5496 
3732;12;24876;0;2543;5694 
3922;13;24876;0;2546;5694 
3834;14;24876;0;2548;5816 
3676;14;24876;0;2550;5816 
3860;14;24876;0;2553;5946 
3865;15;21829;0;2554;5946 
3447;16;21829;0;2557;6106 
3691;17;21829;0;2559;6275 
3634;18;21829;0;2562;6275 
3697;18;21829;0;2563;6535 
3465;19;19131;0;2566;6535 
3425;20;19131;0;2567;6715 
3677;21;19131;0;2570;6715 
3632;22;19131;0;2571;6904 
3694;22;19131;0;2574;6904 
3895;23;17513;0;2575;7135 
3670;24;17513;0;2578;7135 
3830;25;17513;0;2579;7379 
3715;26;17513;0;2581;7379 
3616;26;17513;0;2583;7736 
3583;27;15687;0;2585;7736 
3677;29;15687;0;2586;7736 
3402;30;15687;0;2588;8013 
3397;30;15687;0;2590;8013 
3623;31;14484;0;2591;8305 
3664;33;14484;0;2593;8305 
3475;34;14484;0;2594;8305 
3606;34;14484;0;2596;8661 
3473;36;13610;0;2598;8661 
3522;37;13610;0;2599;9034 
3359;38;13610;0;2601;9034 
3262;39;12863;0;2602;9034 
3272;40;12863;0;2604;9558 
3394;42;12863;0;2605;9558 
3543;42;12863;0;2606;9558 
3479;43;12458;0;2608;10008 
3635;45;12458;0;2610;10008 
3529;46;12458;0;2610;10008 
3415;47;11854;0;2612;10513 
3517;49;11854;0;2613;10513 
3231;50;11854;0;2614;10513 
3239;51;11290;0;2615;11116 
3367;52;11290;0;2617;11116 
3367;54;11290;0;2618;11116 
3305;55;10907;0;2619;11782 
3126;56;10907;0;2620;11782 
3241;58;10907;0;2622;11782 
3202;58;10907;0;2622;11782 
3195;60;10606;0;2623;12690 
3296;62;10606;0;2625;12690 
3417;63;10440;0;2626;12690 
3314;64;10440;0;2626;12690 
3392;66;10440;0;2627;13619 
3301;67;10040;0;2629;13619 
3367;69;10040;0;2630;13619 
3186;70;10040;0;2630;13619 
3273;71;9690;0;2631;14670 
3383;73;9690;0;2632;14670 
3356;74;9690;0;2633;14670 
3341;76;9478;0;2634;14670 
3289;78;9478;0;2635;16007 
3226;79;9264;0;2635;16007 
3206;80;9264;0;2637;16007 
3197;82;9264;0;2638;16007 
3265;83;9158;0;2638;16007 
3363;85;9158;0;2639;17584 
3177;86;9158;0;2639;17584 
3241;88;8928;0;2640;17584 
3105;90;8928;0;2641;17584 
3258;91;8719;0;2642;17584 
3344;93;8719;0;2642;17584 
3224;94;8719;0;2643;19679 
3170;97;8559;0;2644;19679 
3087;98;8559;0;2644;19679 
2981;100;8396;0;2645;19679 
3127;102;8396;0;2646;19679 
3210;103;8318;0;2646;19679 
3345;105;8318;0;2647;22423 
3150;106;8318;0;2647;22423 
3216;109;8135;0;2648;22423 
3062;110;8135;0;2649;22423 
3066;112;7960;0;2649;22423 
3132;114;7960;0;2650;22423 
3208;115;7865;0;2650;22423 
3057;118;7865;0;2650;22423 
3016;119;7756;0;2651;26284 
3074;121;7756;0;2651;26284 
3233;122;7756;0;2652;26284 
3254;125;7732;0;2653;26284 
3092;126;7732;0;2653;26284 
3159;129;7579;0;2654;26284 
2953;130;7579;0;2654;26284 
3020;132;7431;0;2654;26284 
3093;134;7431;0;2654;26284 
3022;136;7376;0;2655;32628 
2983;138;7376;0;2655;32628 
2846;140;7279;0;2655;32628 
2980;142;7279;0;2656;32628 
2973;144;7261;0;2656;32628 
3062;146;7261;0;2657;32628 
2983;148;7135;0;2657;32628 
2929;150;7135;0;2658;32628 
2915;152;7014;0;2658;32628 
2994;154;7014;0;2658;32628 
2979;156;6970;0;2658;32628 
2929;158;6970;0;2658;32628 
2817;160;6897;0;2658;32628 
2953;162;6897;0;2659;43830 
2956;164;6892;0;2659;43830 
2958;166;6892;0;2659;43830 
2971;168;6775;0;2660;43830 
2895;170;6775;0;2660;43830 
2922;172;6679;0;2660;43830 
3050;174;6679;0;2660;43830 
2818;177;6636;0;2661;43830 
2880;178;6636;0;2661;43830 
2902;181;6582;0;2661;43830 
3016;183;6596;0;2661;43830 
3067;185;6596;0;2661;43830 
2954;187;6500;0;2662;43830 
2959;190;6500;0;2662;43830 
2848;191;6431;0;2662;43830 
2913;194;6431;0;2662;43830 
2849;196;6396;0;2662;43830 
2854;198;6396;0;2662;43830 
2823;201;6352;0;2662;43830 
2949;202;6352;0;2662;43830 
2993;205;6368;0;2662;43830 
2877;207;6288;0;2662;43830 
2901;210;6288;0;2662;43830 
2811;211;6226;0;2662;43830 
2895;214;6226;0;2662;43830 
2793;216;6188;0;2662;43830 
2786;218;6188;0;2662;43830 
2818;221;6139;0;2662;43830 
2900;223;6164;0;2662;65535 
2940;226;6164;0;2662;65535 
2799;228;6092;0;2662;65535 
2764;230;6092;0;2662;65535 
2835;232;6037;0;2662;65535 
2908;234;6037;0;2662;65535 
2771;237;6006;0;2662;65535 
2701;239;5965;0;2662;65535 
2722;242;5965;0;2662;65535 
2779;244;5999;0;2662;65535 
2795;246;5999;0;2662;65535 
2801;249;5942;0;2662;65535 
2708;251;5894;0;2662;65535 
2812;254;5894;0;2662;65535 
2759;256;5870;0;2662;65535 
2711;258;5870;0;2662;65535 
2753;261;5833;0;2662;65535 
2835;263;5868;0;2662;65535 
2826;266;5868;0;2662;65535 
2758;268;5814;0;2662;65535 
2676;270;5814;0;2662;65535 
2828;273;5774;0;2662;65535 
2826;275;5751;0;2662;65535 
2691;278;5751;0;2662;65535 
2644;280;5718;0;2662;65535 
2796;282;5718;0;2662;65535 
2855;285;5753;0;2662;65535 
2701;287;5699;0;2662;65535 
2672;290;5699;0;2662;65535 
2780;293;5661;0;2662;65535 
2790;295;5628;0;2662;65535 
2660;298;5628;0;2662;65535 
2587;300;5623;0;2662;65535 
2769;302;5623;0;2662;65535 
2849;305;5659;0;2662;65535 
2710;307;5616;0;2662;65535 
2628;310;5616;0;2662;65535 
2759;313;5579;0;2662;65535 
2770;315;5555;0;2662;65535 
2574;318;5555;0;2662;65535 
2561;320;5531;0;2662;65535 
2770;322;5531;0;2662;65535 
2802;326;5579;0;2662;65535 
2644;328;5514;0;2662;65535 
2607;330;5514;0;2662;65535 
2737;333;5481;0;2662;65535 
2686;335;5442;0;2662;65535 
2558;338;5442;0;2662;65535 
2604;341;5411;0;2662;65535 
2696;343;5457;0;2662;65535 
2614;346;5457;0;2662;65535 
2688;349;5406;0;2662;65535 
2565;351;5359;0;2662;65535 
2640;354;5359;0;2662;65535 
2534;357;5335;0;2662;65535 
2525;359;5311;0;2662;65535 
2549;362;5311;0;2662;65535 
2634;364;5351;0;2662;65535 
2602;367;5320;0;2662;65535 
2575;370;5320;0;2662;65535 
2607;372;5269;0;2662;65535 
2634;375;5255;0;2662;65535 
2486;378;5255;0;2662;65535 
2506;380;5223;0;2662;65535 
2618;383;5265;0;2662;65535 
2583;386;5265;0;2662;65535 
2588;389;5217;0;2662;65535 
2490;391;5178;0;2662;65535 
2591;394;5178;0;2662;65535 
2486;397;5161;0;2662;65535 
2482;399;5143;0;2662;65535 
2516;402;5143;0;2662;65535 
2605;405;5188;0;2662;65535 
2493;407;5144;0;2662;65535 
2456;410;5144;0;2662;65535 
2626;413;5109;0;2662;65535 
2485;416;5089;0;2662;65535 
2463;418;5089;0;2662;65535 
2495;422;5068;0;2662;65535 
2539;424;5120;0;2662;65535 
2503;427;5069;0;2662;65535 
2480;430;5069;0;2662;65535 
2513;433;5029;0;2662;65535 
2487;435;5012;0;2662;65535 
2391;438;5012;0;2662;65535 
2450;441;4998;0;2662;65535 
2483;443;5041;0;2662;65535 
2359;446;5041;0;2662;65535 
2473;450;4996;0;2662;65535 
2405;452;4963;0;2662;65535 
2526;455;4946;0;2662;65535 
2372;458;4946;0;2662;65535 
2385;461;4930;0;2662;65535 
2490;463;4973;0;2662;65535 
2374;466;4973;0;2662;65535 
2470;469;4928;0;2662;65535 
2362;472;4895;0;2662;65535 
2501;475;4886;0;2662;65535 
2346;478;4886;0;2662;65535 
2380;481;4874;0;2662;65535 
2474;483;4918;0;2662;65535 
2426;486;4918;0;2662;65535 
2472;490;4876;0;2662;65535 
2385;492;4845;0;2662;65535 
2511;495;4834;0;2662;65535 
2340;498;4834;0;2662;65535 
2393;501;4818;0;2662;65535 
2395;504;4861;0;2662;65535 
2357;506;4861;0;2662;65535 
2315;510;4822;0;2662;65535 
2423;513;4798;0;2662;65535 
2424;515;4790;0;2662;65535 
2308;518;4790;0;2662;65535 
2368;522;4776;0;2662;65535 
2441;524;4821;0;2662;65535 
2379;527;4783;0;2662;65535 
2289;530;4783;0;2662;65535 
2490;533;4759;0;2662;65535 
2295;536;4750;0;2662;65535 
2294;539;4735;0;2662;65535 
2397;542;4735;0;2662;65535 
2510;545;4781;0;2662;65535 
2349;548;4746;0;2662;65535 
2311;551;4723;0;2662;65535 
2417;554;4723;0;2662;65535 
2288;557;4716;0;2662;65535 
2234;560;4706;0;2662;65535 
2452;563;4754;0;2662;65535 
2427;566;4754;0;2662;65535 
2419;569;4723;0;2662;65535 
2331;572;4705;0;2662;65535 
2449;574;4705;0;2662;65535 
2340;578;4698;0;2662;65535 
2372;581;4686;0;2662;65535 
2342;584;4732;0;2662;65535 
2390;586;4732;0;2662;65535 
2344;590;4701;0;2662;65535 
2434;593;4679;0;2662;65535 
2378;596;4673;0;2662;65535 
2315;598;4673;0;2662;65535 
2314;602;4658;0;2662;65535 
2400;605;4702;0;2662;65535 
2333;608;4671;0;2662;65535 
2332;610;4671;0;2662;65535 
2380;614;4649;0;2662;65535 
2335;617;4639;0;2662;65535 
2294;620;4624;0;2662;65535 
2359;623;4668;0;2662;65535 
2354;626;4668;0;2662;65535 
2365;629;4639;0;2662;65535 
2263;632;4616;0;2662;65535 
2392;635;4607;0;2662;65535 
2279;638;4607;0;2662;65535 
2318;641;4593;0;2662;65535 
2356;644;4640;0;2662;65535 
2347;647;4605;0;2662;65535 
2242;650;4605;0;2662;65535 
2382;654;4578;0;2662;65535 
2305;657;4566;0;2662;65535 
2279;659;4552;0;2662;65535 
2364;662;4552;0;2662;65535 
2384;666;4598;0;2662;65535 
2379;669;4566;0;2662;65535 
2286;672;4540;0;2662;65535 
2365;675;4532;0;2662;65535 
2247;678;4532;0;2662;65535 
2263;681;4519;0;2662;65535 
2297;684;4562;0;2662;65535 
2261;687;4537;0;2662;65535 
2261;690;4537;0;2662;65535 
2385;694;4513;0;2662;65535 
2286;697;4504;0;2662;65535 
2169;700;4493;0;2662;65535 
2280;703;4531;0;2662;65535 
2274;706;4531;0;2662;65535 
2360;709;4520;0;2662;65535 
2309;712;4489;0;2662;65535 
2342;715;4478;0;2662;65535 
2280;718;4478;0;2662;65535 
2239;722;4469;0;2662;65535 
2343;725;4516;0;2662;65535 
2280;728;4486;0;2662;65535 
2251;731;4462;0;2662;65535 
2338;734;4462;0;2662;65535 
2300;738;4445;0;2662;65535 
2255;741;4450;0;2662;65535 
2274;744;4484;0;2662;65535 
2233;747;4451;0;2662;65535 
2204;750;4451;0;2662;65535 
2310;753;4427;0;2662;65535 
2255;756;4417;0;2662;65535 
2168;759;4405;0;2662;65535 
2304;762;4405;0;2662;65535 
2264;766;4448;0;2662;65535 
2306;769;4414;0;2662;65535 
2232;772;4388;0;2662;65535 
2290;775;4372;0;2662;65535 
2258;778;4372;0;2662;65535 
2242;782;4370;0;2662;65535 
2334;785;4405;0;2662;65535 
2282;789;4371;0;2662;65535 
2183;791;4337;0;2662;65535 
2320;795;4349;0;2662;65535 
2229;798;4349;0;2662;65535 
2212;802;4328;0;2662;65535 
2237;805;4373;0;2662;65535 
2174;808;4344;0;2662;65535 
2167;811;4323;0;2662;65535 
2285;814;4323;0;2662;65535 
2234;818;4319;0;2662;65535 
2201;821;4311;0;2662;65535 
2221;824;4357;0;2662;65535 
2200;827;4329;0;2662;65535 
2129;830;4329;0;2662;65535 
2288;834;4310;0;2662;65535 
2216;837;4308;0;2662;65535 
2133;840;4299;0;2662;65535 
2241;843;4352;0;2662;65535 
2211;846;4352;0;2662;65535 
2158;850;4321;0;2662;65535 
2301;854;4303;0;2662;65535 
2212;857;4300;0;2662;65535 
2116;860;4292;0;2662;65535 
2246;863;4338;0;2662;65535 
2194;866;4338;0;2662;65535 
2235;870;4313;0;2662;65535 
2305;873;4298;0;2662;65535 
2212;876;4293;0;2662;65535 
2154;879;4285;0;2662;65535 
2251;882;4285;0;2662;65535 
2225;886;4331;0;2662;65535 
2263;889;4307;0;2662;65535 
2230;893;4293;0;2662;65535 
2228;896;4287;0;2662;65535 
2156;899;4278;0;2662;65535 
2185;902;4278;0;2662;65535 
2264;906;4324;0;2662;65535 
2253;909;4296;0;2662;65535 
2177;912;4279;0;2662;65535 
2273;915;4272;0;2662;65535 
2219;918;4272;0;2662;65535 
2184;922;4254;0;2662;65535 
2308;926;4309;0;2662;65535 
2249;929;4279;0;2662;65535 
2169;932;4259;0;2662;65535 
2276;935;4254;0;2662;65535 
2210;938;4254;0;2662;65535 
2179;942;4246;0;2662;65535 
2251;945;4291;0;2662;65535 
2186;948;4269;0;2662;65535 
2152;951;4252;0;2662;65535 
2257;955;4246;0;2662;65535 
2159;958;4246;0;2662;65535 
2188;962;4242;0;2662;65535 
2262;965;4290;0;2662;65535 
2173;968;4263;0;2662;65535 
2163;971;4243;0;2662;65535 
2258;974;4243;0;2662;65535 
2117;978;4234;0;2662;65535 
2173;982;4222;0;2662;65535 
2241;985;4268;0;2662;65535 
2143;988;4239;0;2662;65535 
2147;991;4215;0;2662;65535 
2240;994;4215;0;2662;65535 
2128;998;4200;0;2662;65535 
2152;1002;4196;0;2662;65535 
2247;1005;4246;0;2662;65535 
2130;1008;4210;0;2662;65535 
2108;1011;4191;0;2662;65535 
2206;1014;4191;0;2662;65535 
2113;1018;4183;0;2662;65535 
2109;1022;4174;0;2662;65535 
2208;1025;4220;0;2662;65535 
2125;1028;4190;0;2662;65535 
2104;1031;4170;0;2662;65535 
2218;1035;4164;0;2662;65535 
2099;1038;4164;0;2662;65535 
2107;1042;4156;0;2662;65535 
2218;1045;4204;0;2662;65535 
2148;1048;4179;0;2662;65535 
2120;1051;4159;0;2662;65535 
2186;1055;4154;0;2662;65535 
2123;1058;4154;0;2662;65535 
2137;1062;4138;0;2662;65535 
2223;1065;4196;0;2662;65535 
2172;1069;4168;0;2662;65535 
2114;1072;4145;0;2662;65535 
2212;1075;4137;0;2662;65535 
2172;1078;4137;0;2662;65535 
2156;1082;4130;0;2662;65535 
2225;1086;4172;0;2662;65535 
2141;1089;4143;0;2662;65535 
2115;1092;4124;0;2662;65535 
2156;1095;4114;0;2662;65535 
2125;1099;4105;0;2662;65535 
2192;1102;4105;0;2662;65535 
2187;1106;4147;0;2662;65535 
2162;1110;4117;0;2662;65535 
2164;1113;4096;0;2662;65535 
2096;1116;4090;0;2662;65535 
2038;1119;4084;0;2662;65535 
2193;1123;4127;0;2662;65535 
2086;1126;4127;0;2662;65535 
2088;1130;4099;0;2662;65535 
2202;1134;4084;0;2662;65535 
2143;1137;4080;0;2662;65535 
2073;1140;4074;0;2662;65535 
2141;1143;4118;0;2662;65535 
2086;1147;4090;0;2662;65535 
2076;1150;4090;0;2662;65535 
2170;1154;4078;0;2662;65535 
2141;1158;4074;0;2662;65535 
2103;1161;4069;0;2662;65535 
2162;1164;4115;0;2662;65535 
2078;1168;4087;0;2662;65535 
2104;1171;4070;0;2662;65535 
2214;1174;4070;0;2662;65535 
2136;1178;4065;0;2662;65535 
2133;1182;4058;0;2662;65535 
2229;1185;4102;0;2662;65535 
2132;1189;4078;0;2662;65535 
2101;1192;4065;0;2662;65535 
2190;1195;4062;0;2662;65535 
2128;1198;4062;0;2662;65535 
2140;1202;4061;0;2662;65535 
2162;1206;4108;0;2662;65535 
2123;1209;4085;0;2662;65535 
2141;1213;4073;0;2662;65535 
2081;1216;4069;0;2662;65535 
2044;1219;4065;0;2662;65535 
2159;1223;4111;0;2662;65535 
2065;1226;4111;0;2662;65535 
2057;1230;4088;0;2662;65535 
2190;1234;4076;0;2662;65535 
2119;1237;4072;0;2662;65535 
2027;1240;4069;0;2662;65535 
2108;1243;4115;0;2662;65535 
2083;1247;4090;0;2662;65535 
2041;1250;4090;0;2662;65535 
2169;1254;4077;0;2662;65535 
2139;1258;4071;0;2662;65535 
2099;1261;4068;0;2662;65535 
2141;1264;4115;0;2662;65535 
2131;1267;4093;0;2662;65535 
2147;1271;4078;0;2662;65535 
2229;1274;4078;0;2662;65535 
2129;1278;4071;0;2662;65535 
2126;1282;4062;0;2662;65535 
2196;1285;4123;0;2662;65535 
2123;1288;4091;0;2662;65535 
2088;1291;4072;0;2662;65535 
2185;1295;4064;0;2662;65535 
2089;1298;4064;0;2662;65535 
2071;1302;4057;0;2662;65535 
2196;1306;4102;0;2662;65535 
2157;1309;4076;0;2662;65535 
2109;1313;4056;0;2662;65535 
2119;1316;4049;0;2662;65535 
2060;1319;4040;0;2662;65535 
2172;1322;4040;0;2662;65535 
2140;1326;4082;0;2662;65535 
2136;1330;4056;0;2662;65535 
2206;1333;4036;0;2662;65535 
2096;1337;4029;0;2662;65535 
2025;1340;4022;0;2662;65535 
2104;1343;4067;0;2662;65535 
2076;1347;4041;0;2662;65535 
2088;1350;4041;0;2662;65535 
2146;1354;4019;0;2662;65535 
2098;1358;4014;0;2662;65535 
2098;1361;4008;0;2662;65535 
2193;1365;4054;0;2662;65535 
2090;1368;4031;0;2662;65535 
2082;1371;4013;0;2662;65535 
2145;1375;4003;0;2662;65535 
2070;1378;4003;0;2662;65535 
2106;1382;4010;0;2662;65535 
2207;1386;4049;0;2662;65535 
2136;1389;4023;0;2662;65535 
2125;1393;4003;0;2662;65535 
2077;1396;3996;0;2662;65535 
2022;1399;3996;0;2662;65535 
2139;1403;4038;0;2662;65535 
2091;1406;4038;0;2662;65535 
2043;1410;4008;0;2662;65535 
2146;1414;3987;0;2662;65535 
2096;1417;3979;0;2662;65535 
2056;1421;3968;0;2662;65535 
2065;1424;4019;0;2662;65535 
2019;1428;3987;0;2662;65535 
2049;1431;3966;0;2662;65535 
2137;1434;3966;0;2662;65535 
2048;1438;3958;0;2662;65535 
2008;1442;3950;0;2662;65535 
2115;1446;3996;0;2662;65535 
2084;1449;3970;0;2662;65535 
2060;1453;3952;0;2662;65535 
2022;1456;3947;0;2662;65535 
1936;1459;3942;0;2662;65535 
2062;1463;3988;0;2662;65535 
2026;1466;3988;0;2662;65535 
2008;1470;3963;0;2662;65535 
2062;1474;3945;0;2662;65535 
2043;1478;3940;0;2662;65535 
2027;1481;3934;0;2662;65535 
2091;1485;3979;0;2662;65535 
2001;1488;3953;0;2662;65535 
2021;1491;3937;0;2662;65535 
2081;1495;3933;0;2662;65535 
2010;1498;3933;0;2662;65535 
2000;1502;3931;0;2662;65535 
2028;1506;3977;0;2662;65535 
2045;1510;3948;0;2662;65535 
2074;1513;3947;0;2662;65535 
2029;1517;3938;0;2662;65535 
1922;1520;3933;0;2662;65535 
2008;1523;3982;0;2662;65535 
2012;1527;3961;0;2662;65535 
2032;1530;3961;0;2662;65535 
2099;1534;3948;0;2662;65535 
2010;1538;3943;0;2662;65535 
2003;1542;3939;0;2662;65535 
2135;1545;3975;0;2662;65535 
2074;1549;3969;0;2662;65535 
2009;1552;3944;0;2662;65535 
2060;1555;3938;0;2662;65535 
1994;1559;3932;0;2662;65535 
2072;1562;3932;0;2662;65535 
2036;1566;3976;0;2662;65535 
2033;1570;3952;0;2662;65535 
2120;1574;3935;0;2662;65535 
2080;1577;3923;0;2662;65535 
2038;1581;3927;0;2662;65535 
2064;1584;3965;0;2662;65535 
2026;1587;3943;0;2662;65535 
2052;1591;3924;0;2662;65535 
2141;1595;3918;0;2662;65535 
2036;1598;3918;0;2662;65535 
2004;1602;3912;0;2662;65535 
2119;1606;3959;0;2662;65535 
2088;1609;3935;0;2662;65535 
2093;1613;3918;0;2662;65535 
2018;1616;3911;0;2662;65535 
1971;1620;3906;0;2662;65535 
2114;1623;3951;0;2662;65535 
2074;1627;3928;0;2662;65535 
2068;1630;3928;0;2662;65535 
2095;1634;3909;0;2662;65535 
1983;1638;3903;0;2662;65535 
2012;1642;3895;0;2662;65535 
2113;1645;3940;0;2662;65535 
2085;1649;3916;0;2662;65535 
2034;1652;3898;0;2662;65535 
2003;1656;3890;0;2662;65535 
1966;1659;3887;0;2662;65535 
2088;1663;3931;0;2662;65535 
2008;1666;3931;0;2662;65535 
2005;1670;3906;0;2662;65535 
2060;1674;3887;0;2662;65535 
2016;1678;3878;0;2662;65535 
2026;1681;3874;0;2662;65535 
2094;1685;3920;0;2662;65535 
2044;1688;3895;0;2662;65535 
2010;1692;3878;0;2662;65535 
2055;1695;3868;0;2662;65535 
1970;1699;3862;0;2662;65535 
2056;1702;3862;0;2662;65535 
2011;1706;3905;0;2662;65535 
2012;1710;3880;0;2662;65535 
2087;1714;3861;0;2662;65535 
2029;1718;3854;0;2662;65535 
1979;1721;3846;0;2662;65535 
2075;1725;3891;0;2662;65535 
1982;1728;3865;0;2662;65535 
1934;1732;3846;0;2662;65535 
2033;1735;3839;0;2662;65535 
1941;1739;3823;0;2662;65535 
2029;1742;3823;0;2662;65535 
1997;1746;3882;0;2662;65535 
1942;1750;3848;0;2662;65535 
1996;1754;3829;0;2662;65535 
1974;1758;3824;0;2662;65535 
1897;1761;3819;0;2662;65535 
1992;1765;3867;0;2662;65535 
1947;1769;3842;0;2662;65535 
1920;1772;3828;0;2662;65535 
1943;1776;3822;0;2662;65535 
1927;1779;3818;0;2662;65535 
2026;1783;3863;0;2662;65535 
1944;1786;3863;0;2662;65535 
1962;1790;3839;0;2662;65535 
2024;1794;3824;0;2662;65535 
1955;1798;3817;0;2662;65535 
1952;1802;3812;0;2662;65535 
2076;1805;3855;0;2662;65535 
2016;1809;3830;0;2662;65535 
2017;1813;3813;0;2662;65535 
1966;1816;3810;0;2662;65535 
1893;1820;3805;0;2662;65535 
2023;1823;3849;0;2662;65535 
1969;1827;3821;0;2662;65535 
1966;1831;3819;0;2662;65535 
2085;1834;3819;0;2662;65535 
1994;1838;3810;0;2662;65535 
1972;1842;3806;0;2662;65535 
2102;1846;3850;0;2662;65535 
2049;1849;3835;0;2662;65535 
2051;1853;3817;0;2662;65535 
2038;1857;3814;0;2662;65535 
1977;1860;3810;0;2662;65535 
2012;1864;3853;0;2662;65535 
1983;1867;3832;0;2662;65535 
2017;1871;3813;0;2662;65535 
2075;1875;3819;0;2662;65535 
2012;1878;3819;0;2662;65535 
1979;1882;3811;0;2662;65535 
2031;1886;3857;0;2662;65535 
2052;1890;3839;0;2662;65535 
2078;1894;3826;0;2662;65535 
2036;1897;3823;0;2662;65535 
1978;1901;3819;0;2662;65535 
2021;1904;3867;0;2662;65535 
1957;1908;3847;0;2662;65535 
2008;1911;3833;0;2662;65535 
2075;1915;3828;0;2662;65535 
1990;1919;3825;0;2662;65535 
2041;1922;3825;0;2662;65535 
2002;1926;3874;0;2662;65535 
2010;1930;3853;0;2662;65535 
2084;1934;3835;0;2662;65535 
2026;1937;3827;0;2662;65535 
1979;1941;3820;0;2662;65535 
2060;1945;3865;0;2662;65535 
1978;1948;3841;0;2662;65535 
1956;1952;3816;0;2662;65535 
2018;1955;3824;0;2662;65535 
1917;1959;3808;0;2662;65535 
1990;1963;3852;0;2662;65535 
1962;1966;3852;0;2662;65535 
1939;1970;3828;0;2662;65535 
1993;1974;3809;0;2662;65535 
1960;1978;3803;0;2662;65535 
1949;1982;3797;0;2662;65535 
2045;1985;3841;0;2662;65535 
2000;1989;3819;0;2662;65535 
1947;1992;3802;0;2662;65535 
1954;1996;3796;0;2662;65535 
1910;1999;3792;0;2662;65535 
1999;2003;3837;0;2662;65535 
1979;2007;3816;0;2662;65535 
1963;2010;3816;0;2662;65535 
2044;2014;3799;0;2662;65535 
1959;2018;3793;0;2662;65535 
1923;2022;3791;0;2662;65535 
2041;2026;3836;0;2662;65535 
2018;2029;3814;0;2662;65535 
2027;2033;3797;0;2662;65535 
1985;2037;3793;0;2662;65535 
1910;2040;3788;0;2662;65535 
1987;2044;3832;0;2662;65535 
1930;2047;3808;0;2662;65535 
1938;2051;3792;0;2662;65535 
2029;2055;3786;0;2662;65535 
1921;2058;3786;0;2662;65535 
1961;2062;3782;0;2662;65535 
1963;2066;3824;0;2662;65535 
1948;2070;3799;0;2662;65535 
1985;2074;3781;0;2662;65535 
1951;2078;3774;0;2662;65535 
1931;2081;3766;0;2662;65535 
2036;2085;3809;0;2662;65535 
1956;2089;3784;0;2662;65535 
1923;2092;3765;0;2662;65535 
1932;2096;3760;0;2662;65535 
1901;2099;3753;0;2662;65535 
2014;2103;3796;0;2662;65535 
1963;2107;3770;0;2662;65535 
1954;2111;3753;0;2662;65535 
2031;2114;3753;0;2662;65535 
1933;2118;3747;0;2662;65535 
1935;2122;3742;0;2662;65535 
1998;2126;3783;0;2662;65535 
2009;2130;3765;0;2662;65535 
2030;2134;3747;0;2662;65535 
1941;2137;3740;0;2662;65535 
1959;2141;3733;0;2662;65535 
1990;2145;3783;0;2662;65535 
1937;2148;3758;0;2662;65535 
1951;2152;3744;0;2662;65535 
1985;2156;3741;0;2662;65535 
1908;2159;3737;0;2662;65535 
2023;2163;3784;0;2662;65535 
1952;2167;3764;0;2662;65535 
1926;2170;3764;0;2662;65535 
2024;2174;3754;0;2662;65535 
1922;2178;3751;0;2662;65535 
1873;2182;3748;0;2662;65535 
1975;2186;3796;0;2662;65535 
1988;2190;3781;0;2662;65535 
1996;2193;3769;0;2662;65535 
1949;2197;3767;0;2662;65535 
1911;2201;3762;0;2662;65535 
1962;2204;3802;0;2662;65535 
1923;2208;3789;0;2662;65535 
1943;2211;3770;0;2662;65535 
1992;2215;3766;0;2662;65535 
1940;2219;3761;0;2662;65535 
1999;2222;3761;0;2662;65535 
1964;2226;3796;0;2662;65535 
1929;2230;3791;0;2662;65535 
1989;2234;3766;0;2662;65535 
1915;2238;3759;0;2662;65535 
1910;2242;3754;0;2662;65535 
2010;2245;3800;0;2662;65535 
1980;2249;3779;0;2662;65535 
1970;2253;3763;0;2662;65535 
1914;2256;3755;0;2662;65535 
1859;2260;3749;0;2662;65535 
1915;2264;3793;0;2662;65535 
1904;2267;3770;0;2662;65535 
1958;2271;3752;0;2662;65535 
2005;2275;3744;0;2662;65535 
1932;2278;3744;0;2662;65535 
1950;2282;3737;0;2662;65535 
1930;2286;3779;0;2662;65535 
1922;2290;3750;0;2662;65535 
1941;2294;3746;0;2662;65535 
1936;2298;3733;0;2662;65535 
1907;2302;3727;0;2662;65535 
2013;2305;3772;0;2662;65535 
1947;2309;3747;0;2662;65535 
1918;2313;3731;0;2662;65535 
1912;2316;3719;0;2662;65535 
1869;2320;3728;0;2662;65535 
1953;2324;3764;0;2662;65535 
1929;2327;3748;0;2662;65535 
1950;2331;3730;0;2662;65535 
2002;2335;3724;0;2662;65535 
1937;2339;3719;0;2662;65535 
1944;2342;3719;0;2662;65535 
1907;2346;3761;0;2662;65535 
1891;2350;3740;0;2662;65535 
1944;2354;3722;0;2662;65535 
1873;2358;3716;0;2662;65535 
1890;2362;3708;0;2662;65535 
1974;2366;3754;0;2662;65535 
1973;2369;3727;0;2662;65535 
1958;2373;3708;0;2662;65535 
1932;2377;3696;0;2662;65535 
1896;2380;3696;0;2662;65535 
1930;2384;3737;0;2662;65535 
1903;2388;3707;0;2662;65535 
1910;2392;3689;0;2662;65535 
1927;2395;3680;0;2662;65535 
1899;2399;3669;0;2662;65535 
1942;2403;3715;0;2662;65535 
1901;2407;3690;0;2662;65535 
1908;2410;3690;0;2662;65535 
1949;2414;3670;0;2662;65535 
1873;2418;3664;0;2662;65535 
1901;2422;3658;0;2662;65535 
1917;2426;3701;0;2662;65535 
1924;2430;3676;0;2662;65535 
1932;2434;3662;0;2662;65535 
1870;2438;3654;0;2662;65535 
1866;2442;3650;0;2662;65535 
1950;2446;3691;0;2662;65535 
1942;2449;3668;0;2662;65535 
1927;2453;3655;0;2662;65535 
0;0;0;0;2662;65535 
0;0;0;0;0;0 
0;0;0;0;0;0 
0;0;0;0;0;0 
0;0;0;0;0;0 
0;0;0;0;0;0 
0;0;0;0;0;0 
0;0;0;0;0;0 
0;0;0;0;0;0 
0;0;0;0;0;0 
0;0;0;0;0;0 
0;0;0;0;0;0 
0;0;0;0;0;0 
0;0;0;0;0;0 
0;0;0;0;0;0 
0;0;0;0;0;0 
0;0;0;0;0;0 
0;0;0;0;0;0 
0;0;0;0;0;0 
0;0;0;0;0;0 
0;0;0;0;0;0 
0;0;0;0;0;0 
0;0;0;0;0;0 
0;0;0;0;0;0 
0;0;0;0;0;0 
0;0;0;0;0;0 
0;0;0;0;0;0 
0;0;0;0;0;0 
0;0;0;0;0;0 
0;0;0;0;0;0 
0;0;0;0;0;0 
0;0;0;0;0;0 
0;0;0;0;0;0 
0;0;0;0;0;0 
0;0;0;0;0;0 
0;0;0;0;0;0 
0;0;0;0;0;0 
0;0;0;0;0;0 
0;0;0;0;0;0 
0;0;0;0;0;0 
0;0;0;0;0;0 
0;0;0;0;0;0 
0;0;0;0;0;0 
0;0;0;0;0;0 
0;0;0;0;0;0 
0;0;0;0;0;0 
0;0;0;0;0;0 
0;0;0;0;0;0 
0;0;0;0;0;0 
0;0;0;0;0;0 
0;0;0;0;0;0 
0;0;0;0;0;0 
0;0;0;0;0;0 
0;0;0;0;0;0 
0;0;0;0;0;0 
0;0;0;0;0;0 
0;0;0;0;0;0 
0;0;0;0;0;0 
0;0;0;0;0;0 
0;0;0;0;0;0 
0;0;0;0;0;0 
0;0;0;0;0;0 
0;0;0;0;0;0 
0;0;0;0;0;0 
0;0;0;0;0;0 
0;0;0;0;0;0 
0;0;0;0;0;0 
0;0;0;0;0;0 
0;0;0;0;0;0 
0;0;0;0;0;0 
0;0;0;0;0;0 
0;0;0;0;0;0 
0;0;0;0;0;0 
0;0;0;0;0;0 
0;0;0;0;0;0 
0;0;0;0;0;0 
0;0;0;0;0;0 
0;0;0;0;0;0 
0;0;0;0;0;0 
0;0;0;0;0;0 
0;0;0;0;0;0 
0;0;0;0;0;0 
0;0;0;0;0;0 
0;0;0;0;0;0 
0;0;0;0;0;0 
0;0;0;0;0;0 
0;0;0;0;0;0 
0;0;0;0;0;0 
0;0;0;0;0;0 
0;0;0;0;0;0 
0;0;0;0;0;0 
0;0;0;0;0;0 
0;0;0;0;0;0 
0;0;0;0;0;0 
0;0;0;0;0;0 
0;0;0;0;0;0 
0;0;0;0;0;0 
0;0;0;0;0;0 
0;0;0;0;0;0 
0;0;0;0;0;0 
0;0;0;0;0;0 
0;0;0;0;0;0 
0;0;0;0;0;0 
0;0;0;0;0;0 
0;0;0;0;0;0 
0;0;0;0;0;0 
0;0;0;0;0;0 
0;0;0;0;0;0 
0;0;0;0;0;0 
0;0;0;0;0;0 
0;0;0;0;0;0 
0;0;0;0;0;0 
0;0;0;0;0;0 
0;0;0;0;0;0 
0;0;0;0;0;0 
0;0;0;0;0;0 
0;0;0;0;0;0 
0;0;0;0;0;0 
0;0;0;0;0;0 
0;0;0;0;0;0 
0;0;0;0;0;0 
0;0;0;0;0;0 
0;0;0;0;0;0 
0;0;0;0;0;0 
0;0;0;0;0;0 
0;0;0;0;0;0 
0;0;0;0;0;0 
0;0;0;0;0;0 
0;0;0;0;0;0 
0;0;0;0;0;0 
0;0;0;0;0;0 
0;0;0;0;0;0 
0;0;0;0;0;0 
0;0;0;0;0;0 
0;0;0;0;0;0 
0;0;0;0;0;0 
0;0;0;0;0;0 
0;0;0;0;0;0 
0;0;0;0;0;0 
0;0;0;0;0;0 
0;0;0;0;0;0 
0;0;0;0;0;0 
0;0;0;0;0;0 
0;0;0;0;0;0 
0;0;0;0;0;0 
0;0;0;0;0;0 
0;0;0;0;0;0 
0;0;0;0;0;0 
0;0;0;0;0;0 
0;0;0;0;0;0 
0;0;0;0;0;0 
0;0;0;0;0;0 
0;0;0;0;0;0 
0;0;0;0;0;0 
0;0;0;0;0;0 
0;0;0;0;0;0 
0;0;0;0;0;0 
0;0;0;0;0;0 
0;0;0;0;0;0 
0;0;0;0;0;0 
0;0;0;0;0;0 
0;0;0;0;0;0 
0;0;0;0;0;0 
0;0;0;0;0;0 
0;0;0;0;0;0 
0;0;0;0;0;0 
0;0;0;0;0;0 
0;0;0;0;0;0 
Tapez  1 pour afficher les mesures, 2 pour acquisition avant, 3 pour acquisition arriere: 
