Mesures en accel/decel 
Acc_I;Acc_Pos;Acc_Vit;Dec_I;Dec_Pos;Dec_Vit 
2317;0;65535;997;63089;3662 
3638;0;65535;230;63085;3690 
4067;0;65535;18;63081;3775 
3994;0;65535;0;63078;3775 
4095;0;65535;0;63074;3764 
4095;65535;65535;0;63071;3885 
4095;65535;65535;0;63067;3962 
4095;65535;65535;0;63063;4022 
4095;65535;65535;0;63060;4120 
3735;65535;65535;0;63056;4111 
3771;65534;65535;0;63053;4245 
3886;65534;65535;0;63050;4245 
4033;65533;65535;0;63047;4333 
4063;65533;65535;0;63043;4407 
3843;65532;65535;0;63040;4523 
3865;65532;65535;0;63038;4523 
4095;65531;65535;0;63035;4523 
4095;65531;65535;0;63031;4682 
3949;65531;65535;0;63028;4788 
3545;65530;65535;0;63026;4788 
3720;65530;65535;0;63023;4880 
4030;65529;30770;0;63020;5020 
4095;65528;30770;0;63017;5035 
3864;65528;30770;0;63015;5035 
3821;65527;30770;0;63012;5225 
3823;65527;30770;0;63009;5358 
3616;65526;30770;0;63007;5358 
3849;65526;30770;0;63004;5478 
4095;65525;24775;0;63002;5478 
3771;65524;24775;0;62999;5654 
3652;65523;24775;0;62997;5692 
3948;65523;24775;0;62995;5692 
3669;65522;24775;0;62992;5938 
3668;65521;20875;0;62990;5938 
3737;65520;20875;0;62987;6124 
3452;65520;20875;0;62986;6124 
3638;65519;20875;0;62983;6302 
3757;65519;20875;0;62981;6568 
3706;65518;20875;0;62979;6568 
3826;65517;18187;0;62977;6692 
3730;65516;18187;0;62975;6692 
4037;65515;18187;0;62973;7044 
3567;65514;18187;0;62971;7044 
3532;65513;16784;0;62969;7318 
3717;65512;16784;0;62967;7318 
3534;65511;16784;0;62966;7318 
3869;65511;16784;0;62963;7606 
3382;65510;16784;0;62962;7606 
3692;65509;15385;0;62960;8031 
3596;65508;15385;0;62959;8031 
3649;65507;15385;0;62957;8269 
3412;65506;15385;0;62955;8269 
3810;65505;14067;0;62954;8269 
3458;65503;14067;0;62952;8811 
3641;65503;14067;0;62951;8811 
3348;65502;14067;0;62949;9252 
3602;65500;13106;0;62947;9252 
3402;65499;13106;0;62946;9252 
3497;65498;13106;0;62945;9764 
3563;65497;12288;0;62943;9764 
3554;65495;12288;0;62942;9764 
3676;65495;12288;0;62941;10530 
3387;65494;12288;0;62939;10530 
3464;65492;12070;0;62939;10530 
3638;65491;12070;0;62937;11090 
3196;65490;12070;0;62936;11090 
3520;65488;11507;0;62935;11090 
3491;65487;11507;0;62934;11090 
3265;65486;11507;0;62932;12079 
3622;65484;11073;0;62931;12079 
3354;65483;11073;0;62931;12079 
3203;65482;11073;0;62929;12982 
3253;65480;10656;0;62928;12982 
3167;65479;10656;0;62927;12982 
3322;65478;10656;0;62927;12982 
3407;65476;10140;0;62925;13964 
3501;65475;10140;0;62924;13964 
3289;65474;10140;0;62923;13964 
3249;65472;10065;0;62923;13964 
3497;65471;10065;0;62922;13964 
3176;65470;10065;0;62921;15362 
3333;65468;9804;0;62920;15362 
3267;65467;9804;0;62919;15362 
3345;65465;9502;0;62918;15362 
3179;65463;9502;0;62917;16685 
3116;65462;9502;0;62916;16685 
3122;65460;9291;0;62916;16685 
3226;65459;9291;0;62915;16685 
3235;65457;8962;0;62915;16685 
3230;65455;8962;0;62914;16685 
3172;65454;8962;0;62913;19088 
3181;65452;8921;0;62912;19088 
3265;65451;8921;0;62911;19088 
3104;65449;8770;0;62911;19088 
3182;65447;8770;0;62911;19088 
3074;65446;8770;0;62910;19088 
3234;65444;8588;0;62909;21859 
3172;65443;3322;0;62908;21859 
3007;65441;5095;0;62908;21859 
2968;65439;5095;0;62907;21859 
3124;65438;5095;0;62907;21859 
3235;65436;8174;0;62907;21859 
3208;65434;8174;0;62906;21859 
3126;65432;8149;0;62905;25509 
3200;65431;8149;0;62905;25509 
3066;65429;8033;0;62904;25509 
3082;65427;8033;0;62904;25509 
3025;65425;7891;0;62903;25509 
3058;65423;7891;0;62903;25509 
2903;65422;7891;0;62903;25509 
2917;65420;7785;0;62902;25509 
3045;65418;7785;0;62902;25509 
3057;65416;7521;0;62902;25509 
3107;65415;7521;0;62901;33155 
3078;65412;7584;0;62901;33155 
3109;65411;7584;0;62900;33155 
3033;65408;7475;0;62900;33155 
3049;65407;7475;0;62900;33155 
3090;65405;7359;0;62899;33155 
2972;65403;7359;0;62899;33155 
2890;65401;7253;0;62899;33155 
2860;65399;7253;0;62899;33155 
2938;65397;7093;0;62899;33155 
3084;65395;7093;0;62899;33155 
3039;65393;7153;0;62898;33155 
3142;65391;7153;0;62898;33155 
2937;65389;7034;0;62898;33155 
2971;65387;7034;0;62898;33155 
2929;65385;6993;0;62897;54810 
2896;65383;6993;0;62897;54810 
2874;65381;6893;0;62897;54810 
2888;65379;6893;0;62897;54810 
2908;65377;6760;0;62897;54810 
2987;65375;6760;0;62897;54810 
2952;65372;6765;0;62896;54810 
3010;65371;6765;0;62896;54810 
2950;65368;6709;0;62896;54810 
2831;65367;6709;0;62896;54810 
2953;65364;6634;0;62896;54810 
2816;65362;6634;0;62896;54810 
2733;65360;6599;0;62896;54810 
2808;65358;6599;0;62896;54810 
2765;65355;6450;0;62896;54810 
2851;65354;6450;0;62896;54810 
2972;65351;6486;0;62896;54810 
2830;65349;6437;0;62896;54810 
2873;65347;6437;0;62896;54810 
2955;65344;6365;0;62896;54810 
2846;65343;6365;0;62896;54810 
2722;65340;6331;0;62896;54810 
2774;65338;6331;0;62896;54810 
2680;65335;6194;0;62896;54810 
2808;65333;6231;0;62896;54810 
2960;65331;6231;0;62896;54810 
2779;65329;6194;0;62896;65535 
2813;65327;6194;0;62896;65535 
2896;65324;6137;0;62896;65535 
2693;65322;6137;0;62896;65535 
2608;65319;6114;0;62896;65535 
2732;65317;5993;0;62896;65535 
2776;65315;5993;0;62896;65535 
2775;65312;6040;0;62896;65535 
2752;65311;6040;0;62896;65535 
2721;65308;6019;0;62896;65535 
2637;65306;6019;0;62896;65535 
2754;65303;5977;0;62896;65535 
2684;65301;5976;0;62896;65535 
2738;65299;5976;0;62896;65535 
2667;65296;5830;0;62896;65535 
2689;65294;5830;0;62896;65535 
2734;65291;5890;0;62896;65535 
2676;65289;5873;0;62896;65535 
2724;65287;5873;0;62896;65535 
2785;65284;5835;0;62896;65535 
2611;65282;5835;0;62896;65535 
2579;65279;5809;0;62896;65535 
2640;65277;5732;0;62896;65535 
2728;65275;5732;0;62896;65535 
2635;65272;5757;0;62896;65535 
2581;65270;5757;0;62896;65535 
2721;65267;5751;0;62896;65535 
2789;65264;5705;0;62896;65535 
2597;65262;5705;0;62896;65535 
2514;65259;5703;0;62896;65535 
2609;65257;5565;0;62896;65535 
2757;65255;5565;0;62896;65535 
2626;65252;5618;0;62896;65535 
2545;65250;5618;0;62896;65535 
2661;65247;5601;0;62896;65535 
2755;65244;5576;0;62896;65535 
2533;65242;5576;0;62896;65535 
2518;65239;5585;0;62896;65535 
2626;65237;5446;0;62896;65535 
2682;65235;5446;0;62896;65535 
2619;65231;5531;0;62896;65535 
2602;65229;5507;0;62896;65535 
2660;65227;5507;0;62896;65535 
2634;65224;5476;0;62896;65535 
2441;65222;5476;0;62896;65535 
2531;65219;5465;0;62896;65535 
2570;65216;5382;0;62896;65535 
2588;65214;5382;0;62896;65535 
2716;65211;5407;0;62896;65535 
2584;65208;5395;0;62896;65535 
2450;65206;5395;0;62896;65535 
2556;65203;5395;0;62896;65535 
2458;65200;5395;0;62896;65535 
2493;65198;5395;0;62896;65535 
2560;65195;5280;0;62896;65535 
2650;65192;5338;0;62896;65535 
2578;65190;5338;0;62896;65535 
2549;65187;5333;0;62896;65535 
2627;65185;5309;0;62896;65535 
2450;65182;5309;0;62896;65535 
2351;65179;5314;0;62896;65535 
2509;65177;5195;0;62896;65535 
2573;65174;5195;0;62896;65535 
2582;65171;5294;0;62896;65535 
2552;65169;5275;0;62896;65535 
2462;65166;5275;0;62896;65535 
2535;65163;5245;0;62896;65535 
2425;65160;5257;0;62896;65535 
2424;65158;5257;0;62896;65535 
2602;65155;5148;0;62896;65535 
2624;65152;5212;0;62896;65535 
2503;65150;5212;0;62896;65535 
2523;65147;5202;0;62896;65535 
2607;65144;5177;0;62896;65535 
2351;65142;5177;0;62896;65535 
2347;65139;5186;0;62896;65535 
2472;65136;5053;0;62896;65535 
2557;65134;5053;0;62896;65535 
2575;65131;5163;0;62896;65535 
2465;65128;5127;0;62896;65535 
2434;65125;5095;0;62896;65535 
2454;65123;5095;0;62896;65535 
2251;65119;5144;0;62896;65535 
2418;65117;5015;0;62896;65535 
2539;65114;5015;0;62896;65535 
2426;65111;5076;0;62896;65535 
2439;65108;5045;0;62896;65535 
2348;65106;5045;0;62896;65535 
2417;65103;5070;0;62896;65535 
2329;65100;5057;0;62896;65535 
2366;65098;5057;0;62896;65535 
2530;65095;4951;0;62896;65535 
2313;65092;5002;0;62896;65535 
2398;65089;4995;0;62896;65535 
2365;65086;4995;0;62896;65535 
2341;65083;4996;0;62896;65535 
2348;65080;4995;0;62896;65535 
2341;65078;4995;0;62896;65535 
2535;65075;4895;0;62896;65535 
2358;65072;4948;0;62896;65535 
2387;65069;4941;0;62896;65535 
2354;65067;4941;0;62896;65535 
2315;65063;4896;0;62896;65535 
2325;65060;4961;0;62896;65535 
2337;65058;4961;0;62896;65535 
2405;65055;4830;0;62896;65535 
2281;65052;4895;0;62896;65535 
2353;65049;4895;0;62896;65535 
2347;65046;4895;0;62896;65535 
2331;65043;4886;0;62896;65535 
2361;65040;4896;0;62896;65535 
2323;65038;4896;0;62896;65535 
2488;65035;4793;0;62896;65535 
2298;65031;4851;0;62896;65535 
2373;65029;4850;0;62896;65535 
2306;65026;4850;0;62896;65535 
2376;65023;4830;0;62896;65535 
2258;65020;4847;0;62896;65535 
2289;65017;4747;0;62896;65535 
2432;65014;4747;0;62896;65535 
2414;65011;4810;0;62896;65535 
2387;65008;4809;0;62896;65535 
2330;65006;4809;0;62896;65535 
2401;65003;4791;0;62896;65535 
2123;64999;4811;0;62896;65535 
2329;64996;4713;0;62896;65535 
2357;64994;4713;0;62896;65535 
2405;64991;4774;0;62896;65535 
2327;64987;4771;0;62896;65535 
2399;64985;4746;0;62896;65535 
2230;64982;4746;0;62896;65535 
2177;64979;4782;0;62896;65535 
2312;64976;4677;0;62896;65535 
2342;64973;4727;0;62896;65535 
2282;64970;4727;0;62896;65535 
2409;64967;4747;0;62896;65535 
2404;64964;4720;0;62896;65535 
2251;64961;4720;0;62896;65535 
2211;64958;4720;0;62896;65535 
2400;64955;4662;0;62896;65535 
2291;64952;4706;0;62896;65535 
2262;64949;4703;0;62896;65535 
2286;64946;4703;0;62896;65535 
2316;64943;4688;0;62896;65535 
2157;64940;4704;0;62896;65535 
2263;64937;4608;0;62896;65535 
2342;64934;4608;0;62896;65535 
2430;64931;4667;0;62896;65535 
2321;64928;4663;0;62896;65535 
2371;64925;4654;0;62896;65535 
2219;64922;4654;0;62896;65535 
2179;64919;4676;0;62896;65535 
2288;64916;4585;0;62896;65535 
2352;64913;4629;0;62896;65535 
2277;64910;4629;0;62896;65535 
2375;64907;4663;0;62896;65535 
2333;64903;4628;0;62896;65535 
2258;64900;4653;0;62896;65535 
2228;64898;4653;0;62896;65535 
2418;64895;4538;0;62896;65535 
2256;64891;4637;0;62896;65535 
2364;64888;4616;0;62896;65535 
2304;64886;4616;0;62896;65535 
2294;64883;4597;0;62896;65535 
2136;64879;4616;0;62896;65535 
2334;64876;4511;0;62896;65535 
2295;64873;4596;0;62896;65535 
2266;64870;4596;0;62896;65535 
2339;64867;4586;0;62896;65535 
2333;64864;4571;0;62896;65535 
2234;64861;4593;0;62896;65535 
2206;64858;4593;0;62896;65535 
2439;64855;4505;0;62896;65535 
2250;64851;4566;0;62896;65535 
2280;64848;4552;0;62896;65535 
2265;64846;4552;0;62896;65535 
2275;64843;4568;0;62896;65535 
2158;64839;4571;0;62896;65535 
2314;64836;4483;0;62896;65535 
2315;64833;4543;0;62896;65535 
2244;64830;4543;0;62896;65535 
2325;64827;4545;0;62896;65535 
2260;64823;4529;0;62896;65535 
2233;64820;4530;0;62896;65535 
2235;64818;4530;0;62896;65535 
2346;64815;4471;0;62896;65535 
2321;64811;4512;0;62896;65535 
2309;64808;4504;0;62896;65535 
2383;64805;4496;0;62896;65535 
2177;64802;4496;0;62896;65535 
2198;64799;4495;0;62896;65535 
2330;64795;4448;0;62896;65535 
2262;64792;4485;0;62896;65535 
2216;64789;4484;0;62896;65535 
2268;64786;4484;0;62896;65535 
2232;64783;4466;0;62896;65535 
2143;64780;4488;0;62896;65535 
2303;64776;4397;0;62896;65535 
2281;64774;4397;0;62896;65535 
2291;64771;4455;0;62896;65535 
2291;64767;4442;0;62896;65535 
2293;64764;4452;0;62896;65535 
2214;64761;4440;0;62896;65535 
2180;64758;4440;0;62896;65535 
2311;64755;4379;0;62896;65535 
2268;64751;4412;0;62896;65535 
2292;64748;4442;0;62896;65535 
2312;64745;4414;0;62896;65535 
2120;64742;4414;0;62896;65535 
2166;64739;4431;0;62896;65535 
2264;64735;4352;0;62896;65535 
2123;64732;4408;0;62896;65535 
2207;64729;4413;0;62896;65535 
2217;64726;4413;0;62896;65535 
2202;64723;4398;0;62896;65535 
2035;64719;4408;0;62896;65535 
2193;64716;4338;0;62896;65535 
2173;64713;4385;0;62896;65535 
2110;64710;4385;0;62896;65535 
2220;64707;4364;0;62896;65535 
2204;64703;4391;0;62896;65535 
2116;64700;4389;0;62896;65535 
2163;64697;4299;0;62896;65535 
2156;64694;4299;0;62896;65535 
2186;64691;4358;0;62896;65535 
2240;64687;4342;0;62896;65535 
2214;64684;4369;0;62896;65535 
2166;64680;4365;0;62896;65535 
2126;64678;4365;0;62896;65535 
2217;64674;4253;0;62896;65535 
2226;64671;4360;0;62896;65535 
2171;64667;4331;0;62896;65535 
2252;64664;4336;0;62896;65535 
2139;64661;4349;0;62896;65535 
2094;64658;4349;0;62896;65535 
2302;64655;4261;0;62896;65535 
2160;64651;4323;0;62896;65535 
2168;64648;4310;0;62896;65535 
2230;64645;4330;0;62896;65535 
2074;64642;4330;0;62896;65535 
2075;64639;4337;0;62896;65535 
2268;64635;4252;0;62896;65535 
2083;64632;4316;0;62896;65535 
2166;64628;4321;0;62896;65535 
2151;64625;4308;0;62896;65535 
2119;64622;4308;0;62896;65535 
2066;64619;4307;0;62896;65535 
2182;64615;4268;0;62896;65535 
2142;64612;4304;0;62896;65535 
2137;64609;4306;0;62896;65535 
2146;64606;4306;0;62896;65535 
2192;64603;4297;0;62896;65535 
2037;64599;4305;0;62896;65535 
2151;64596;4250;0;62896;65535 
2175;64592;4295;0;62896;65535 
2097;64589;4298;0;62896;65535 
2166;64586;4298;0;62896;65535 
2209;64583;4284;0;62896;65535 
2021;64579;4304;0;62896;65535 
2160;64576;4214;0;62896;65535 
2170;64573;4271;0;62896;65535 
2081;64570;4271;0;62896;65535 
2158;64567;4250;0;62896;65535 
2196;64563;4283;0;62896;65535 
2018;64559;4281;0;62896;65535 
2158;64556;4195;0;62896;65535 
2184;64553;4252;0;62896;65535 
2097;64550;4252;0;62896;65535 
2177;64547;4256;0;62896;65535 
2202;64543;4246;0;62896;65535 
2033;64539;4258;0;62896;65535 
2186;64536;4192;0;62896;65535 
2174;64533;4244;0;62896;65535 
2116;64530;4244;0;62896;65535 
2189;64527;4251;0;62896;65535 
2198;64523;4240;0;62896;65535 
2043;64520;4252;0;62896;65535 
2171;64516;4187;0;62896;65535 
2197;64513;4239;0;62896;65535 
2160;64510;4239;0;62896;65535 
2211;64507;4243;0;62896;65535 
2197;64503;4214;0;62896;65535 
2073;64500;4271;0;62896;65535 
2146;64496;4169;0;62896;65535 
2178;64493;4231;0;62896;65535 
2138;64490;4231;0;62896;65535 
2228;64487;4213;0;62896;65535 
2180;64483;4250;0;62896;65535 
2056;64480;4242;0;62896;65535 
2162;64476;4168;0;62896;65535 
2135;64473;4223;0;62896;65535 
2097;64470;4223;0;62896;65535 
2192;64467;4232;0;62896;65535 
2138;64463;4218;0;62896;65535 
2039;64460;4236;0;62896;65535 
2136;64456;4151;0;62896;65535 
2119;64453;4212;0;62896;65535 
2108;64450;4212;0;62896;65535 
2184;64447;4216;0;62896;65535 
2127;64443;4205;0;62896;65535 
2049;64440;4223;0;62896;65535 
2132;64436;4137;0;62896;65535 
2111;64433;4194;0;62896;65535 
2037;64430;4194;0;62896;65535 
2163;64427;4199;0;62896;65535 
2143;64423;4189;0;62896;65535 
2024;64419;4205;0;62896;65535 
2128;64416;4119;0;62896;65535 
2131;64413;4176;0;62896;65535 
2045;64410;4176;0;62896;65535 
2110;64407;4179;0;62896;65535 
2108;64403;4168;0;62896;65535 
1955;64399;4168;0;62896;65535 
2087;64396;4096;0;62896;65535 
2121;64393;4181;0;62896;65535 
2048;64390;4181;0;62896;65535 
2079;64386;4162;0;62896;65535 
2125;64383;4145;0;62896;65535 
1967;64379;4176;0;62896;65535 
2099;64376;4086;0;62896;65535 
2099;64372;4125;0;62896;65535 
2100;64369;4172;0;62896;65535 
2129;64366;4172;0;62896;65535 
2075;64363;4120;0;62896;65535 
2016;64359;4178;0;62896;65535 
2157;64355;4076;0;62896;65535 
2080;64352;4133;0;62896;65535 
2113;64348;4137;0;62896;65535 
2138;64345;4125;0;62896;65535 
2036;64342;4125;0;62896;65535 
2075;64339;4127;0;62896;65535 
2237;64335;4080;0;62896;65535 
2076;64331;4112;0;62896;65535 
2078;64328;4126;0;62896;65535 
2184;64324;4108;0;62896;65535 
1973;64321;4127;0;62896;65535 
2000;64318;4127;0;62896;65535 
2166;64315;4023;0;62896;65535 
2137;64311;4126;0;62896;65535 
2051;64307;4104;0;62896;65535 
2118;64304;4094;0;62896;65535 
2009;64300;4112;0;62896;65535 
2025;64297;4031;0;62896;65535 
2072;64294;4031;0;62896;65535 
2087;64291;4086;0;62896;65535 
2068;64287;4087;0;62896;65535 
2042;64283;4078;0;62896;65535 
1980;64280;4097;0;62896;65535 
2098;64276;4018;0;62896;65535 
2097;64273;4072;0;62896;65535 
2008;64270;4072;0;62896;65535 
2047;64266;4077;0;62896;65535 
2071;64263;4066;0;62896;65535 
1913;64259;4096;0;62896;65535 
2057;64256;3996;0;62896;65535 
2071;64252;4087;0;62896;65535 
2084;64249;4076;0;62896;65535 
2059;64246;4076;0;62896;65535 
1980;64242;4070;0;62896;65535 
1967;64239;4092;0;62896;65535 
2139;64235;4015;0;62896;65535 
2022;64231;4076;0;62896;65535 
2079;64228;4082;0;62896;65535 
2157;64225;4071;0;62896;65535 
1986;64221;4096;0;62896;65535 
2030;64218;4096;0;62896;65535 
2182;64215;4033;0;62896;65535 
2185;64211;4084;0;62896;65535 
2103;64207;4071;0;62896;65535 
2156;64204;4096;0;62896;65535 
2051;64200;4096;0;62896;65535 
2080;64197;4040;0;62896;65535 
2086;64194;4040;0;62896;65535 
2102;64191;4082;0;62896;65535 
2131;64187;4066;0;62896;65535 
2079;64183;4096;0;62896;65535 
1999;64180;4096;0;62896;65535 
2121;64176;4047;0;62896;65535 
2094;64173;4085;0;62896;65535 
2002;64170;4085;0;62896;65535 
2081;64166;4092;0;62896;65535 
2087;64163;4085;0;62896;65535 
1966;64159;4106;0;62896;65535 
2094;64156;4024;0;62896;65535 
2056;64152;4082;0;62896;65535 
2050;64149;4087;0;62896;65535 
2054;64146;4087;0;62896;65535 
1993;64142;4056;0;62896;65535 
1994;64139;4123;0;62896;65535 
2169;64135;4018;0;62896;65535 
1969;64131;4073;0;62896;65535 
2049;64128;4070;0;62896;65535 
2150;64125;4080;0;62896;65535 
1982;64121;4087;0;62896;65535 
1988;64118;4087;0;62896;65535 
2124;64115;4007;0;62896;65535 
2051;64111;4055;0;62896;65535 
1998;64107;4051;0;62896;65535 
2091;64104;4064;0;62896;65535 
2045;64100;4069;0;62896;65535 
2090;64097;3987;0;62896;65535 
2076;64094;3987;0;62896;65535 
2010;64090;4038;0;62896;65535 
2071;64087;4023;0;62896;65535 
2064;64083;4050;0;62896;65535 
1933;64079;4042;0;62896;65535 
2056;64076;3975;0;62896;65535 
2050;64072;4017;0;62896;65535 
1994;64069;4031;0;62896;65535 
2036;64066;4031;0;62896;65535 
1984;64062;4016;0;62896;65535 
2022;64059;4032;0;62896;65535 
2148;64055;3956;0;62896;65535 
2003;64051;4009;0;62896;65535 
2025;64048;4015;0;62896;65535 
2125;64044;4004;0;62896;65535 
1982;64041;4006;0;62896;65535 
1967;64038;4006;0;62896;65535 
2060;64034;3970;0;62896;65535 
2062;64031;4005;0;62896;65535 
2052;64027;4009;0;62896;65535 
2038;64023;4000;0;62896;65535 
1949;64020;4022;0;62896;65535 
2070;64016;3945;0;62896;65535 
2073;64013;4001;0;62896;65535 
1973;64009;4006;0;62896;65535 
2013;64006;4006;0;62896;65535 
2058;64003;4000;0;62896;65535 
1949;63999;4003;0;62896;65535 
2116;63995;3972;0;62896;65535 
1970;63991;4009;0;62896;65535 
2022;63988;4007;0;62896;65535 
2149;63985;4021;0;62896;65535 
1991;63981;4033;0;62896;65535 
1983;63978;4033;0;62896;65535 
2090;63975;3934;0;62896;65535 
2059;63971;4036;0;62896;65535 
2042;63967;4019;0;62896;65535 
2068;63963;4012;0;62896;65535 
1986;63960;4017;0;62896;65535 
2079;63956;3977;0;62896;65535 
2094;63953;4015;0;62896;65535 
1989;63950;4015;0;62896;65535 
2034;63946;4021;0;62896;65535 
2057;63943;4014;0;62896;65535 
1957;63939;4033;0;62896;65535 
2072;63935;3955;0;62896;65535 
2055;63932;4004;0;62896;65535 
2038;63928;4010;0;62896;65535 
2078;63925;4003;0;62896;65535 
1985;63922;4003;0;62896;65535 
2020;63918;4024;0;62896;65535 
2182;63915;3948;0;62896;65535 
2126;63911;4003;0;62896;65535 
2007;63907;4009;0;62896;65535 
2079;63904;4004;0;62896;65535 
2011;63900;4022;0;62896;65535 
2064;63897;3957;0;62896;65535 
2107;63894;3957;0;62896;65535 
2050;63890;4008;0;62896;65535 
2085;63887;4015;0;62896;65535 
2072;63883;4004;0;62896;65535 
1927;63879;4039;0;62896;65535 
2077;63876;3953;0;62896;65535 
2103;63872;3996;0;62896;65535 
2028;63869;4047;0;62896;65535 
2025;63866;4047;0;62896;65535 
1983;63862;4018;0;62896;65535 
2019;63859;4024;0;62896;65535 
2167;63855;3980;0;62896;65535 
2049;63851;4012;0;62896;65535 
2026;63848;4035;0;62896;65535 
2136;63844;4021;0;62896;65535 
2027;63841;4032;0;62896;65535 
2016;63838;4032;0;62896;65535 
2082;63834;3973;0;62896;65535 
2055;63831;4018;0;62896;65535 
2051;63827;4022;0;62896;65535 
2066;63823;4014;0;62896;65535 
1942;63820;4032;0;62896;65535 
2072;63816;3952;0;62896;65535 
2072;63813;4004;0;62896;65535 
1932;63810;4004;0;62896;65535 
1963;63806;4010;0;62896;65535 
2014;63803;4000;0;62896;65535 
1938;63799;4018;0;62896;65535 
2086;63795;3914;0;62896;65535 
1958;63792;3996;0;62896;65535 
1978;63788;3996;0;62896;65535 
2084;63785;3996;0;62896;65535 
1986;63781;3997;0;62896;65535 
1985;63778;3997;0;62896;65535 
2067;63774;3926;0;62896;65535 
2054;63771;3966;0;62896;65535 
2019;63767;3983;0;62896;65535 
2047;63763;3966;0;62896;65535 
1933;63760;3983;0;62896;65535 
2039;63756;3903;0;62896;65535 
2056;63753;3945;0;62896;65535 
1917;63749;3969;0;62896;65535 
1931;63746;3969;0;62896;65535 
1972;63742;3951;0;62896;65535 
1959;63739;3969;0;62896;65535 
2090;63735;3896;0;62896;65535 
1998;63731;3953;0;62896;65535 
1969;63728;3939;0;62896;65535 
2081;63724;3970;0;62896;65535 
1976;63721;3972;0;62896;65535 
1958;63717;3896;0;62896;65535 
2003;63714;3896;0;62896;65535 
1958;63710;3947;0;62896;65535 
2002;63707;3962;0;62896;65535 
2006;63703;3930;0;62896;65535 
1828;63699;3990;0;62896;65535 
1965;63696;3896;0;62896;65535 
2040;63692;3952;0;62896;65535 
1994;63689;3947;0;62896;65535 
2061;63685;3960;0;62896;65535 
1948;63682;3960;0;62896;65535 
1919;63678;3972;0;62896;65535 
2106;63675;3897;0;62896;65535 
2065;63671;3951;0;62896;65535 
1986;63667;3958;0;62896;65535 
2008;63663;3939;0;62896;65535 
1949;63660;3983;0;62896;65535 
2018;63656;3897;0;62896;65535 
2050;63653;3948;0;62896;65535 
1921;63650;3948;0;62896;65535 
1930;63646;3954;0;62896;65535 
1986;63643;3945;0;62896;65535 
1903;63639;3950;0;62896;65535 
2077;63635;3896;0;62896;65535 
1956;63631;3960;0;62896;65535 
1959;63628;3932;0;62896;65535 
2014;63624;3960;0;62896;65535 
1906;63621;3963;0;62896;65535 
1884;63618;3963;0;62896;65535 
1949;63614;3866;0;62896;65535 
1945;63611;3957;0;62896;65535 
1976;63607;3935;0;62896;65535 
1987;63603;3944;0;62896;65535 
1866;63599;3948;0;62896;65535 
2007;63596;3893;0;62896;65535 
2016;63592;3936;0;62896;65535 
1968;63589;3944;0;62896;65535 
1940;63585;3912;0;62896;65535 
1906;63582;3912;0;62896;65535 
1917;63578;3984;0;62896;65535 
2126;63575;3885;0;62896;65535 
2080;63571;3919;0;62896;65535 
2020;63567;3968;0;62896;65535 
2032;63564;3925;0;62896;65535 
1967;63560;3977;0;62896;65535 
2050;63557;3883;0;62896;65535 
2081;63553;3928;0;62896;65535 
1963;63550;3928;0;62896;65535 
1990;63546;3952;0;62896;65535 
2048;63543;3936;0;62896;65535 
1931;63539;3955;0;62896;65535 
2110;63535;3873;0;62896;65535 
1992;63531;3927;0;62896;65535 
2006;63528;3929;0;62896;65535 
2085;63524;3901;0;62896;65535 
1960;63521;3958;0;62896;65535 
1939;63517;3859;0;62896;65535 
1986;63514;3859;0;62896;65535 
1952;63510;3911;0;62896;65535 
2001;63507;3917;0;62896;65535 
2007;63503;3906;0;62896;65535 
1915;63499;3922;0;62896;65535 
2015;63495;3843;0;62896;65535 
1966;63492;3892;0;62896;65535 
1948;63488;3896;0;62896;65535 
2055;63485;3884;0;62896;65535 
1962;63481;3900;0;62896;65535 
1951;63478;3900;0;62896;65535 
1994;63474;3820;0;62896;65535 
1943;63471;3869;0;62896;65535 
1934;63467;3870;0;62896;65535 
1988;63463;3864;0;62896;65535 
1892;63459;3879;0;62896;65535 
2002;63455;3798;0;62896;65535 
1923;63452;3844;0;62896;65535 
1927;63448;3856;0;62896;65535 
2004;63444;3837;0;62896;65535 
1925;63441;3863;0;62896;65535 
1902;63438;3863;0;62896;65535 
1950;63434;3779;0;62896;65535 
1914;63430;3831;0;62896;65535 
1920;63427;3836;0;62896;65535 
1954;63423;3826;0;62896;65535 
1840;63419;3842;0;62896;65535 
2009;63415;3770;0;62896;65535 
1871;63411;3818;0;62896;65535 
1888;63408;3801;0;62896;65535 
1952;63404;3835;0;62896;65535 
1880;63400;3832;0;62896;65535 
1919;63397;3755;0;62896;65535 
1943;63393;3806;0;62896;65535 
1824;63390;3806;0;62896;65535 
1864;63386;3810;0;62896;65535 
1886;63382;3803;0;62896;65535 
1857;63379;3821;0;62896;65535 
2033;63375;3748;0;62896;65535 
1996;63371;3798;0;62896;65535 
1929;63367;3803;0;62896;65535 
1966;63363;3795;0;62896;65535 
1840;63360;3816;0;62896;65535 
1942;63356;3730;0;62896;65535 
1926;63352;3796;0;62896;65535 
1896;63348;3796;0;62896;65535 
1963;63345;3797;0;62896;65535 
1879;63341;3826;0;62896;65535 
1868;63338;3826;0;62896;65535 
1960;63334;3741;0;62896;65535 
1895;63331;3793;0;62896;65535 
1921;63327;3799;0;62896;65535 
1968;63323;3790;0;62896;65535 
1826;63319;3811;0;62896;65535 
1988;63315;3714;0;62896;65535 
1867;63311;3796;0;62896;65535 
1866;63308;3796;0;62896;65535 
1969;63304;3794;0;62896;65535 
1901;63300;3799;0;62896;65535 
1929;63297;3727;0;62896;65535 
1958;63293;3766;0;62896;65535 
1848;63289;3784;0;62896;65535 
1867;63286;3784;0;62896;65535 
1864;63282;3768;0;62896;65535 
1836;63278;3786;0;62896;65535 
1995;63275;3711;0;62896;65535 
1915;63271;3759;0;62896;65535 
1917;63267;3765;0;62896;65535 
1924;63263;3754;0;62896;65535 
1813;63259;3773;0;62896;65535 
1945;63255;3698;0;62896;65535 
1876;63252;3747;0;62896;65535 
1876;63248;3754;0;62896;65535 
1977;63244;3745;0;62896;65535 
1880;63240;3765;0;62896;65535 
1926;63237;3688;0;62896;65535 
1946;63233;3739;0;62896;65535 
1859;63229;3745;0;62896;65535 
1904;63226;3745;0;62896;65535 
1877;63222;3736;0;62896;65535 
1852;63218;3755;0;62896;65535 
1976;63214;3658;0;62896;65535 
1929;63211;3749;0;62896;65535 
1927;63207;3735;0;62896;65535 
1943;63203;3705;0;62896;65535 
1839;63199;3771;0;62896;65535 
2007;63195;3673;0;62896;65535 
1864;63191;3723;0;62896;65535 
1858;63187;3719;0;62896;65535 
1937;63184;3733;0;62896;65535 
1860;63180;3741;0;62896;65535 
1928;63176;3666;0;62896;65535 
1942;63172;3718;0;62896;65535 
1876;63169;3723;0;62896;65535 
1934;63165;3697;0;62896;65535 
1888;63161;3754;0;62896;65535 
1861;63158;3754;0;62896;65535 
1907;63154;3639;0;62896;65535 
1823;63150;3728;0;62896;65535 
1816;63146;3713;0;62896;65535 
1884;63143;3702;0;62896;65535 
1818;63139;3721;0;62896;65535 
1953;63135;3645;0;62896;65535 
1880;63131;3693;0;62896;65535 
1840;63127;3697;0;62896;65535 
1870;63123;3672;0;62896;65535 
1746;63119;3696;0;62896;65535 
1896;63115;3651;0;62896;65535 
1850;63111;3676;0;62896;65535 
1865;63108;3663;0;62896;65535 
1949;63104;3684;0;62896;65535 
1846;63100;3684;0;62896;65535 
1867;63096;3608;0;62896;65535 
1856;63092;3658;0;62896;65535 
0;0;0;0;0;0 
0;0;0;0;0;0 
0;0;0;0;0;0 
0;0;0;0;0;0 
0;0;0;0;0;0 
0;0;0;0;0;0 
0;0;0;0;0;0 
0;0;0;0;0;0 
0;0;0;0;0;0 
0;0;0;0;0;0 
0;0;0;0;0;0 
0;0;0;0;0;0 
0;0;0;0;0;0 
0;0;0;0;0;0 
0;0;0;0;0;0 
0;0;0;0;0;0 
0;0;0;0;0;0 
0;0;0;0;0;0 
0;0;0;0;0;0 
0;0;0;0;0;0 
0;0;0;0;0;0 
0;0;0;0;0;0 
0;0;0;0;0;0 
0;0;0;0;0;0 
0;0;0;0;0;0 
0;0;0;0;0;0 
0;0;0;0;0;0 
0;0;0;0;0;0 
0;0;0;0;0;0 
0;0;0;0;0;0 
0;0;0;0;0;0 
0;0;0;0;0;0 
0;0;0;0;0;0 
0;0;0;0;0;0 
0;0;0;0;0;0 
0;0;0;0;0;0 
0;0;0;0;0;0 
0;0;0;0;0;0 
0;0;0;0;0;0 
0;0;0;0;0;0 
0;0;0;0;0;0 
0;0;0;0;0;0 
0;0;0;0;0;0 
0;0;0;0;0;0 
0;0;0;0;0;0 
0;0;0;0;0;0 
0;0;0;0;0;0 
0;0;0;0;0;0 
0;0;0;0;0;0 
0;0;0;0;0;0 
0;0;0;0;0;0 
0;0;0;0;0;0 
0;0;0;0;0;0 
0;0;0;0;0;0 
0;0;0;0;0;0 
0;0;0;0;0;0 
0;0;0;0;0;0 
0;0;0;0;0;0 
0;0;0;0;0;0 
0;0;0;0;0;0 
0;0;0;0;0;0 
0;0;0;0;0;0 
0;0;0;0;0;0 
0;0;0;0;0;0 
0;0;0;0;0;0 
0;0;0;0;0;0 
0;0;0;0;0;0 
0;0;0;0;0;0 
0;0;0;0;0;0 
0;0;0;0;0;0 
0;0;0;0;0;0 
0;0;0;0;0;0 
0;0;0;0;0;0 
0;0;0;0;0;0 
0;0;0;0;0;0 
0;0;0;0;0;0 
0;0;0;0;0;0 
0;0;0;0;0;0 
0;0;0;0;0;0 
0;0;0;0;0;0 
0;0;0;0;0;0 
0;0;0;0;0;0 
0;0;0;0;0;0 
0;0;0;0;0;0 
0;0;0;0;0;0 
0;0;0;0;0;0 
0;0;0;0;0;0 
0;0;0;0;0;0 
0;0;0;0;0;0 
0;0;0;0;0;0 
0;0;0;0;0;0 
0;0;0;0;0;0 
0;0;0;0;0;0 
0;0;0;0;0;0 
0;0;0;0;0;0 
0;0;0;0;0;0 
0;0;0;0;0;0 
0;0;0;0;0;0 
0;0;0;0;0;0 
0;0;0;0;0;0 
0;0;0;0;0;0 
0;0;0;0;0;0 
0;0;0;0;0;0 
0;0;0;0;0;0 
0;0;0;0;0;0 
0;0;0;0;0;0 
0;0;0;0;0;0 
0;0;0;0;0;0 
0;0;0;0;0;0 
0;0;0;0;0;0 
0;0;0;0;0;0 
0;0;0;0;0;0 
0;0;0;0;0;0 
0;0;0;0;0;0 
0;0;0;0;0;0 
0;0;0;0;0;0 
0;0;0;0;0;0 
0;0;0;0;0;0 
0;0;0;0;0;0 
0;0;0;0;0;0 
0;0;0;0;0;0 
0;0;0;0;0;0 
0;0;0;0;0;0 
0;0;0;0;0;0 
0;0;0;0;0;0 
0;0;0;0;0;0 
0;0;0;0;0;0 
0;0;0;0;0;0 
0;0;0;0;0;0 
0;0;0;0;0;0 
0;0;0;0;0;0 
0;0;0;0;0;0 
0;0;0;0;0;0 
0;0;0;0;0;0 
0;0;0;0;0;0 
0;0;0;0;0;0 
0;0;0;0;0;0 
0;0;0;0;0;0 
0;0;0;0;0;0 
0;0;0;0;0;0 
0;0;0;0;0;0 
0;0;0;0;0;0 
0;0;0;0;0;0 
0;0;0;0;0;0 
0;0;0;0;0;0 
0;0;0;0;0;0 
0;0;0;0;0;0 
0;0;0;0;0;0 
0;0;0;0;0;0 
0;0;0;0;0;0 
0;0;0;0;0;0 
0;0;0;0;0;0 
0;0;0;0;0;0 
0;0;0;0;0;0 
0;0;0;0;0;0 
0;0;0;0;0;0 
0;0;0;0;0;0 
0;0;0;0;0;0 
0;0;0;0;0;0 
0;0;0;0;0;0 
0;0;0;0;0;0 
0;0;0;0;0;0 
0;0;0;0;0;0 
0;0;0;0;0;0 
0;0;0;0;0;0 
0;0;0;0;0;0 
0;0;0;0;0;0 
Tapez  1 pour afficher les mesures, 2 pour acquisition avant, 3 pour acquisition arriere: 
