Acquisition ... fait 
Tapez  1 pour afficher les mesures, 2 pour acquisition avant, 3 pour acquisition arriere: 
Mesures en acceleration 
Courant;Position;Vitesse 
0;0;65535 
2351;0;65535 
2345;1;65535 
2202;1;65535 
3072;1;65535 
3009;1;65535 
3009;1;65535 
3009;1;65535 
2856;2;65535 
3026;2;65535 
3076;3;65535 
2654;3;65535 
2654;3;65535 
2654;3;65535 
2859;4;42790 
2474;4;42790 
2600;5;42790 
2842;5;42790 
3022;6;42790 
3022;7;42790 
3022;7;42790 
2592;7;42790 
2056;8;877 
2395;9;877 
3192;10;877 
3192;11;877 
3192;11;877 
2584;12;672 
2108;12;672 
2797;14;672 
2182;15;672 
2338;15;672 
2338;16;576 
2576;17;576 
2265;18;576 
1840;19;576 
2518;19;576 
1990;20;525 
1990;22;525 
1990;23;525 
2410;23;525 
2289;24;526 
2044;25;526 
2644;26;526 
2644;27;526 
2644;28;518 
2110;29;518 
2429;30;518 
2467;31;518 
2749;31;518 
2267;32;522 
2267;34;522 
2580;35;522 
2572;35;522 
2114;36;516 
2518;37;516 
2083;38;516 
2083;39;516 
2083;40;497 
1911;41;497 
2214;42;497 
2653;43;497 
2439;44;494 
2342;45;494 
2342;46;494 
2699;47;494 
2156;48;472 
2429;49;472 
2404;51;472 
2190;51;472 
2190;52;451 
2190;54;451 
1869;55;451 
2401;55;451 
2119;57;433 
1994;58;433 
1994;59;433 
1994;60;412 
2353;62;412 
2025;63;412 
2154;64;406 
2295;65;406 
2418;67;406 
2418;67;406 
2418;69;388 
2195;71;388 
2441;71;388 
1792;73;380 
2102;74;380 
2102;75;380 
2102;77;370 
1901;78;370 
2088;79;370 
1990;81;356 
2301;82;356 
2323;83;356 
2323;85;357 
2578;86;357 
2154;87;357 
1996;89;345 
2146;91;345 
2256;92;340 
2256;93;340 
2256;95;340 
1960;96;333 
2046;98;333 
1955;99;333 
1988;100;324 
1988;102;324 
1988;103;324 
1675;105;324 
2062;107;324 
2086;108;316 
2491;110;316 
2204;111;316 
2204;112;315 
2204;114;315 
2084;115;315 
1796;117;311 
1303;119;311 
1744;120;303 
1744;122;303 
1744;123;303 
1858;125;307 
1781;127;307 
1700;128;301 
2106;130;301 
2282;131;301 
2282;133;302 
684;135;302 
1648;136;301 
1647;138;301 
1974;139;301 
1991;141;296 
1991;143;296 
1991;144;299 
1981;146;299 
2009;147;299 
2153;149;295 
1796;151;295 
1796;152;292 
1796;154;292 
1006;156;292 
585;158;292 
304;159;292 
304;161;288 
626;163;288 
626;164;298 
626;166;298 
1204;167;298 
1006;169;298 
1373;171;298 
1923;172;299 
1923;174;299 
1923;175;299 
1593;177;296 
1578;179;296 
1769;180;288 
2063;182;288 
2114;183;288 
2114;185;290 
2101;187;290 
1398;189;284 
1867;191;284 
1465;192;282 
2038;194;282 
2038;195;282 
2038;197;280 
1414;199;280 
1347;201;276 
1581;203;276 
1311;204;279 
1311;206;279 
1311;207;279 
2101;209;276 
1580;211;276 
1670;213;276 
1453;215;276 
1850;216;276 
1850;218;276 
1850;220;269 
1855;222;269 
1938;223;269 
1839;225;272 
2023;227;272 
2023;229;268 
2023;231;268 
1242;232;267 
1202;234;267 
1744;236;268 
1858;238;268 
2113;239;268 
2113;241;264 
1750;243;264 
1420;245;267 
1863;247;267 
1495;249;263 
1909;251;263 
1909;252;264 
1909;254;264 
1703;256;263 
1728;258;263 
1979;259;263 
1936;262;258 
1936;263;65535 
1936;265;261 
1822;267;261 
1334;269;255 
1728;271;255 
1607;273;255 
1513;275;255 
1513;276;253 
1513;279;253 
1524;280;249 
1592;283;249 
1770;284;251 
1857;286;251 
1857;288;248 
1857;290;248 
1582;292;249 
1729;294;249 
1968;296;248 
1770;298;248 
1982;299;248 
1982;302;245 
2130;303;245 
1980;306;247 
1969;307;247 
2111;310;244 
2027;311;244 
2027;313;245 
2027;315;245 
1565;317;243 
1768;319;243 
1738;321;239 
1810;323;239 
1810;325;242 
1810;327;242 
1803;329;238 
1812;331;238 
1889;333;239 
1840;335;239 
1908;338;237 
1908;339;237 
1908;342;234 
1631;343;234 
1907;346;236 
1781;347;236 
1972;350;234 
1972;352;234 
1972;354;234 
1607;356;233 
1517;358;233 
1632;360;229 
1667;362;229 
1757;364;233 
1757;367;233 
1403;368;229 
1470;371;229 
1355;372;231 
1317;375;231 
1428;377;229 
1428;379;229 
1428;381;227 
1479;383;227 
1277;385;229 
1750;387;229 
2056;390;226 
2056;391;226 
2056;394;228 
1549;396;226 
1520;398;226 
1637;400;224 
1536;402;224 
1598;404;226 
1598;407;226 
1866;408;224 
1507;411;224 
1180;413;225 
1279;415;225 
1779;417;225 
1779;419;225 
1779;422;221 
1647;423;221 
1608;426;224 
1691;428;222 
1877;430;222 
1534;432;224 
1534;435;224 
1539;436;224 
1297;439;224 
1323;441;220 
1585;443;220 
1369;445;224 
1369;447;224 
1369;450;221 
1527;451;221 
1666;454;222 
1700;456;222 
1609;458;222 
1609;460;218 
1609;463;218 
1212;465;221 
1494;467;221 
1520;469;219 
1605;471;219 
1845;473;220 
1845;475;220 
1845;478;220 
1549;480;216 
1403;482;216 
1279;484;220 
1719;487;220 
1719;489;218 
1719;491;218 
1596;493;219 
1644;495;219 
1604;498;219 
1666;500;216 
1724;502;216 
1724;504;219 
1808;507;219 
1084;509;216 
1349;511;216 
1599;513;218 
1628;515;218 
1628;518;218 
1628;519;218 
1515;522;215 
1549;524;218 
1725;527;218 
1221;528;215 
1221;531;215 
1221;533;216 
499;535;216 
1425;537;218 
1694;539;218 
1696;542;215 
1816;544;218 
1816;547;218 
1816;548;215 
1389;551;215 
1321;553;215 
1609;555;215 
1559;557;216 
1559;559;216 
1559;562;213 
1466;564;215 
1653;567;215 
1231;569;214 
1531;571;214 
1865;573;215 
1865;575;215 
1458;578;215 
1615;580;212 
1641;582;212 
1393;584;215 
1673;587;215 
1673;589;212 
1673;591;212 
1525;593;212 
1667;595;212 
1509;598;213 
1667;600;208 
1667;603;208 
1667;605;212 
1402;607;212 
1705;609;209 
1712;611;209 
1528;614;210 
1723;616;210 
1723;619;210 
1723;621;208 
1423;623;208 
1812;625;210 
1688;627;210 
1879;630;208 
1879;632;209 
1879;635;209 
1101;637;210 
1235;639;210 
1411;642;206 
1602;643;206 
1768;646;209 
1768;648;207 
1579;651;207 
996;653;208 
1383;655;208 
1331;658;209 
1601;660;206 
1601;663;206 
1601;664;209 
1202;667;209 
1592;669;207 
1550;671;207 
1573;674;208 
1573;676;208 
1573;679;208 
1164;681;205 
1540;683;205 
1379;685;208 
1670;687;208 
1823;690;206 
1823;692;207 
1823;695;207 
1276;697;207 
1525;699;207 
1695;702;204 
1560;704;208 
1560;707;208 
1560;709;204 
1315;711;204 
1590;713;206 
1737;715;206 
1437;718;206 
1625;720;202 
1625;723;202 
1145;725;206 
1337;727;206 
1721;730;203 
1522;732;204 
1243;735;204 
1243;737;205 
1243;739;205 
1190;742;201 
1476;744;205 
1649;747;205 
1204;749;202 
1204;751;202 
1204;753;203 
1516;755;203 
1315;758;205 
1452;760;201 
1323;763;201 
1291;765;204 
1291;767;204 
1291;770;202 
1402;772;203 
1164;775;203 
1295;777;204 
1663;779;204 
1663;782;201 
1663;784;204 
1485;787;204 
1162;789;203 
1371;791;203 
1723;794;203 
1304;796;203 
1304;799;203 
1304;800;202 
1338;803;202 
1457;805;206 
1715;807;206 
1829;810;205 
1829;812;205 
1829;815;205 
1196;817;206 
1486;819;206 
1527;822;203 
1472;824;205 
1472;827;205 
1472;829;204 
1250;831;204 
1492;833;204 
1733;835;204 
1332;838;204 
1434;840;201 
1434;843;201 
1434;845;205 
1494;847;205 
1765;850;202 
1498;852;203 
1295;855;203 
1295;857;203 
1295;859;203 
1476;862;200 
1466;864;204 
1607;867;204 
1348;869;201 
1503;871;201 
1503;874;202 
1732;876;204 
1268;879;204 
1246;881;201 
1487;883;201 
1750;886;203 
1750;888;203 
1750;891;203 
1186;892;203 
1135;895;203 
1383;897;204 
1783;899;204 
1783;902;201 
1783;904;205 
1156;907;205 
1475;909;201 
1415;911;201 
1552;914;203 
1485;916;203 
1485;919;203 
1785;921;199 
1432;923;199 
1648;926;203 
1509;928;201 
1470;931;201 
1470;933;201 
1470;935;201 
1340;938;202 
1529;940;199 
1266;943;199 
1420;945;201 
1702;947;201 
1702;950;200 
1334;952;200 
1155;955;200 
1305;957;200 
1572;959;200 
1689;962;198 
1689;964;201 
1689;967;201 
1142;969;199 
1432;971;199 
1639;974;199 
1594;976;200 
1594;979;200 
1594;981;197 
1476;983;197 
1540;986;200 
1297;988;198 
1406;991;198 
1496;993;199 
1496;995;199 
1496;998;198 
1383;1000;196 
1349;1003;196 
1503;1005;199 
1573;1007;199 
1573;1010;197 
1573;1012;197 
1143;1015;197 
1430;1017;198 
1663;1020;195 
1169;1023;195 
1395;1025;198 
1395;1027;198 
1792;1030;195 
1297;1032;197 
1042;1035;197 
1408;1037;196 
1580;1039;196 
1580;1042;194 
1580;1044;197 
1237;1047;197 
1521;1049;194 
1608;1051;194 
1375;1054;196 
1375;1056;196 
1375;1059;196 
1140;1062;193 
1347;1064;197 
1518;1067;197 
1233;1069;194 
1427;1071;194 
1427;1074;195 
1427;1076;196 
923;1079;196 
1352;1081;193 
1644;1083;193 
1702;1086;196 
1702;1088;193 
1702;1091;193 
1432;1094;195 
1483;1096;195 
1251;1099;195 
1236;1101;192 
1576;1103;192 
1576;1106;195 
1186;1108;193 
1314;1111;193 
1571;1113;195 
1702;1115;195 
1425;1119;195 
1425;1121;191 
1425;1123;191 
1583;1126;195 
1352;1128;194 
1362;1131;194 
1444;1133;194 
1444;1135;194 
1444;1138;195 
1219;1140;192 
1216;1143;192 
1676;1146;196 
1559;1148;194 
1585;1151;194 
1585;1153;194 
1585;1155;194 
1150;1158;195 
1426;1160;192 
1133;1163;192 
1456;1165;195 
1456;1167;195 
1456;1170;193 
1063;1172;194 
1127;1175;194 
1372;1178;194 
1424;1180;192 
1092;1183;192 
1092;1185;196 
1569;1187;196 
1526;1190;193 
1341;1192;194 
1225;1195;194 
1215;1197;196 
1215;1200;192 
1215;1203;192 
996;1205;197 
1528;1207;197 
1632;1210;194 
1419;1212;195 
1419;1215;195 
1419;1217;195 
1346;1219;195 
1357;1222;194 
1136;1224;196 
1436;1227;196 
1893;1229;194 
1893;1232;195 
1893;1235;195 
1147;1237;195 
1355;1239;195 
1552;1242;193 
1526;1244;195 
1526;1247;195 
1526;1249;193 
1279;1251;193 
1260;1254;193 
1437;1256;195 
1368;1259;195 
1592;1262;191 
1592;1264;194 
1464;1267;194 
1172;1269;192 
1394;1271;192 
1453;1274;193 
1473;1276;193 
1473;1279;193 
1473;1282;190 
1362;1284;193 
1401;1287;193 
1041;1289;192 
1455;1291;192 
1455;1294;192 
1455;1296;194 
964;1299;194 
1292;1302;190 
1506;1304;193 
1506;1307;193 
1108;1309;192 
1108;1311;192 
1108;1314;192 
1293;1316;193 
1141;1319;193 
1183;1322;189 
1524;1324;193 
1524;1327;193 
1524;1329;191 
1319;1331;191 
1420;1334;192 
1419;1336;193 
1136;1339;193 
1351;1342;189 
1351;1344;192 
1461;1347;192 
1172;1349;191 
1434;1351;191 
1291;1354;191 
1486;1356;191 
1486;1359;191 
1486;1362;189 
1324;1364;192 
1375;1367;192 
1455;1369;190 
1489;1371;190 
1489;1374;190 
1489;1377;192 
1276;1379;192 
1531;1382;187 
1367;1384;192 
1432;1387;192 
1800;1389;190 
1800;1392;191 
1800;1395;191 
1212;1397;190 
1407;1399;190 
1485;1402;189 
1296;1404;192 
1296;1407;192 
1296;1410;190 
1349;1412;191 
1124;1415;191 
1278;1417;192 
1606;1419;192 
1636;1422;190 
1636;1424;192 
1610;1427;192 
1673;1430;191 
1349;1432;192 
1188;1435;192 
1457;1437;193 
1457;1439;193 
1457;1442;190 
1015;1444;194 
1349;1447;194 
1687;1450;192 
1446;1452;193 
1446;1455;193 
1446;1457;194 
1336;1459;194 
1470;1462;191 
1353;1464;195 
1412;1467;195 
1836;1469;192 
1836;1472;194 
1843;1475;194 
1222;1477;194 
1420;1479;194 
1556;1482;191 
1527;1484;194 
1527;1487;194 
1527;1489;193 
1329;1491;193 
1082;1494;193 
1311;1497;194 
1373;1499;194 
1666;1502;192 
1666;1504;194 
1584;1507;194 
1275;1509;193 
1461;1511;193 
1451;1514;195 
1426;1516;194 
1426;1519;194 
1426;1522;192 
1326;1524;196 
1513;1527;196 
1163;1529;194 
1408;1531;194 
1408;1534;195 
1408;1536;195 
1009;1539;195 
1274;1541;193 
1472;1543;193 
1695;1546;196 
1318;1548;193 
1318;1551;193 
1318;1554;194 
1381;1556;194 
1218;1559;194 
1162;1561;192 
1512;1563;192 
1512;1566;193 
1512;1568;193 
1225;1571;193 
1504;1573;193 
1543;1576;193 
1259;1579;193 
1240;1581;191 
1240;1583;191 
1792;1586;194 
1271;1588;193 
1341;1591;193 
1583;1593;194 
1682;1595;194 
1682;1599;194 
1682;1601;192 
1161;1603;192 
1580;1606;195 
1274;1608;192 
1376;1611;192 
1376;1613;194 
1376;1615;194 
1007;1618;195 
1240;1620;191 
1310;1623;191 
1605;1626;194 
1543;1628;193 
1543;1631;193 
1543;1633;193 
1302;1635;193 
1210;1638;194 
1436;1640;192 
1388;1643;192 
1388;1645;194 
1388;1648;193 
1314;1651;193 
887;1653;194 
988;1655;194 
1403;1658;194 
1486;1660;193 
1486;1663;193 
1451;1665;195 
1279;1667;195 
1488;1670;193 
1163;1672;196 
1332;1675;196 
1332;1678;195 
1332;1680;193 
1049;1683;193 
1200;1685;196 
1494;1687;196 
1686;1690;193 
1686;1692;196 
1686;1695;196 
1228;1697;195 
1505;1699;195 
1214;1702;193 
1175;1705;196 
1593;1707;196 
1593;1710;194 
1593;1712;196 
687;1715;196 
1301;1717;197 
1536;1719;197 
1616;1722;193 
1616;1724;198 
1616;1727;198 
1337;1729;195 
1343;1731;195 
1464;1734;197 
1384;1736;198 
878;1739;198 
0;0;0 
0;0;0 
0;0;0 
0;0;0 
0;0;0 
0;0;0 
0;0;0 
0;0;0 
0;0;0 
0;0;0 
0;0;0 
0;0;0 
0;0;0 
0;0;0 
0;0;0 
0;0;0 
0;0;0 
0;0;0 
0;0;0 
0;0;0 
0;0;0 
0;0;0 
0;0;0 
0;0;0 
0;0;0 
0;0;0 
0;0;0 
0;0;0 
0;0;0 
0;0;0 
0;0;0 
0;0;0 
0;0;0 
0;0;0 
0;0;0 
0;0;0 
0;0;0 
0;0;0 
0;0;0 
0;0;0 
0;0;0 
0;0;0 
0;0;0 
0;0;0 
0;0;0 
0;0;0 
0;0;0 
0;0;0 
0;0;0 
0;0;0 
0;0;0 
0;0;0 
0;0;0 
0;0;0 
0;0;0 
0;0;0 
0;0;0 
0;0;0 
0;0;0 
0;0;0 
0;0;0 
0;0;0 
0;0;0 
0;0;0 
0;0;0 
0;0;0 
0;0;0 
0;0;0 
0;0;0 
0;0;0 
0;0;0 
0;0;0 
0;0;0 
0;0;0 
0;0;0 
0;0;0 
0;0;0 
0;0;0 
0;0;0 
0;0;0 
0;0;0 
0;0;0 
0;0;0 
0;0;0 
0;0;0 
0;0;0 
0;0;0 
0;0;0 
0;0;0 
0;0;0 
0;0;0 
0;0;0 
0;0;0 
0;0;0 
0;0;0 
0;0;0 
0;0;0 
0;0;0 
0;0;0 
0;0;0 
0;0;0 
0;0;0 
0;0;0 
0;0;0 
0;0;0 
0;0;0 
0;0;0 
0;0;0 
0;0;0 
0;0;0 
0;0;0 
0;0;0 
0;0;0 
0;0;0 
0;0;0 
0;0;0 
0;0;0 
0;0;0 
0;0;0 
0;0;0 
0;0;0 
0;0;0 
0;0;0 
0;0;0 
0;0;0 
0;0;0 
0;0;0 
0;0;0 
0;0;0 
0;0;0 
0;0;0 
0;0;0 
0;0;0 
0;0;0 
0;0;0 
0;0;0 
0;0;0 
0;0;0 
0;0;0 
0;0;0 
0;0;0 
0;0;0 
0;0;0 
0;0;0 
0;0;0 
0;0;0 
0;0;0 
0;0;0 
0;0;0 
0;0;0 
0;0;0 
0;0;0 
0;0;0 
0;0;0 
0;0;0 
0;0;0 
0;0;0 
0;0;0 
0;0;0 
0;0;0 
0;0;0 
0;0;0 
0;0;0 
0;0;0 
0;0;0 
0;0;0 
0;0;0 
0;0;0 
 
 
Mesures en deceleration 
Courant;Position;Vitesse 
0;1741;195 
0;1743;195 
0;1746;200 
0;1748;203 
0;1751;203 
0;1753;210 
0;1755;210 
0;1757;218 
0;1759;218 
0;1762;220 
0;1763;220 
0;1766;230 
0;1767;230 
0;1770;234 
0;1771;234 
0;1774;243 
0;1775;243 
0;1777;251 
0;1779;251 
0;1781;256 
0;1783;256 
0;1785;267 
0;1787;267 
0;1788;274 
0;1790;274 
0;1791;274 
0;1793;285 
0;1795;285 
0;1796;296 
0;1798;296 
0;1799;296 
0;1801;302 
0;1803;302 
0;1804;319 
0;1806;319 
0;1807;319 
0;1808;329 
0;1810;329 
0;1811;329 
0;1812;347 
0;1814;347 
0;1815;347 
0;1816;364 
0;1818;364 
0;1819;364 
0;1820;377 
0;1822;377 
0;1823;377 
0;1824;405 
0;1825;405 
0;1826;405 
0;1827;405 
0;1828;425 
0;1829;425 
0;1831;425 
0;1831;425 
0;1832;460 
0;1833;460 
0;1835;460 
0;1835;460 
0;1836;496 
0;1837;496 
0;1838;496 
0;1839;496 
0;1840;528 
0;1841;528 
0;1842;528 
0;1843;528 
0;1843;528 
0;1844;586 
0;1845;586 
0;1846;586 
0;1846;586 
0;1847;586 
0;1847;586 
0;1848;639 
0;1849;639 
0;1850;639 
0;1851;639 
0;1851;639 
0;1851;639 
0;1852;714 
0;1853;714 
0;1854;714 
0;1854;714 
0;1855;714 
0;1855;714 
0;1856;804 
0;1856;804 
0;1857;804 
0;1858;804 
0;1858;804 
0;1859;804 
0;1859;804 
0;1859;804 
0;1860;903 
0;1860;903 
0;1861;903 
0;1862;903 
0;1862;903 
0;1863;903 
0;1863;903 
0;1863;903 
0;1863;903 
0;1864;1105 
0;1864;1105 
0;1865;1105 
0;1865;1105 
0;1865;1105 
0;1866;1105 
0;1866;1105 
0;1867;1105 
0;1867;1105 
0;1867;1105 
0;1867;1105 
0;1867;1105 
0;1868;1406 
0;1868;1406 
0;1868;1406 
0;1869;1406 
0;1869;1406 
0;1869;1406 
0;1870;1406 
0;1870;1406 
0;1870;1406 
0;1871;1406 
0;1871;1406 
0;1871;1406 
0;1871;1406 
0;1871;1406 
0;1871;1406 
0;1871;1406 
0;1871;1406 
0;1871;1406 
0;1872;2217 
0;1872;2217 
0;1872;2217 
0;1872;2217 
0;1872;2217 
0;1872;2217 
0;1872;2217 
0;1872;2217 
0;1873;2217 
0;1873;2217 
0;1873;2217 
0;1873;2217 
0;1873;2217 
0;1873;2217 
0;1873;2217 
0;1873;2217 
0;1873;2217 
0;1873;2217 
0;1873;2217 
0;1874;2217 
0;1874;2217 
0;1874;2217 
0;1874;2217 
0;1874;2217 
0;1874;2217 
0;1874;2217 
0;1874;2217 
0;1874;2217 
0;1874;2217 
0;1874;2217 
0;1874;2217 
0;1874;2217 
0;1874;2217 
0;1874;2217 
0;1874;2217 
0;1874;2217 
0;1874;2217 
0;1874;2217 
0;1874;2217 
0;1874;2217 
0;1874;2217 
0;1874;2217 
0;1874;2217 
0;1874;2217 
0;1874;2217 
0;1874;2217 
0;1874;2217 
0;1874;2217 
0;1874;2217 
0;1874;2217 
0;1874;2217 
0;1874;2217 
0;1874;2217 
0;1874;2217 
0;1874;2217 
0;1874;2217 
0;1874;2217 
0;1874;2217 
0;1874;2217 
0;1874;2217 
0;1874;2217 
0;1874;2217 
0;1874;2217 
0;1874;2217 
0;1874;2217 
0;1874;2217 
0;1874;2217 
0;1874;2217 
0;1874;2217 
0;1874;2217 
0;1874;2217 
0;1874;2217 
0;1874;2217 
0;1874;2217 
0;1874;2217 
0;1874;2217 
0;1874;2217 
0;1874;2217 
0;1874;2217 
0;1874;2217 
0;1874;2217 
0;1874;2217 
0;1874;2217 
0;1874;2217 
0;1874;2217 
0;1874;2217 
0;1874;2217 
0;1874;2217 
0;1874;2217 
0;1874;2217 
0;1874;2217 
0;1874;2217 
0;1874;2217 
0;1874;2217 
0;1874;2217 
0;1874;2217 
0;1874;2217 
0;1874;2217 
0;1874;2217 
0;1874;2217 
0;1874;2217 
0;1874;2217 
0;1874;2217 
0;1874;2217 
0;1874;2217 
0;1874;2217 
0;1874;2217 
0;1874;2217 
0;1874;2217 
0;1874;2217 
0;1874;2217 
0;1874;2217 
0;1874;2217 
0;1874;2217 
0;1874;2217 
0;1874;2217 
0;1874;2217 
0;1874;2217 
0;1874;2217 
0;1874;2217 
0;1874;2217 
0;1874;2217 
0;1874;2217 
0;1874;2217 
0;1874;2217 
0;1874;2217 
0;1874;2217 
0;1874;2217 
0;1874;2217 
0;1874;2217 
0;1874;2217 
0;1874;2217 
0;1874;2217 
0;1874;2217 
0;1874;2217 
0;1874;2217 
0;1874;2217 
0;1874;2217 
0;1874;2217 
0;1874;2217 
0;1874;2217 
0;1874;2217 
0;1874;2217 
0;1874;2217 
0;1874;2217 
0;1874;2217 
0;1874;2217 
0;1874;2217 
0;1874;2217 
0;1874;2217 
0;1874;2217 
0;1874;2217 
0;1874;2217 
0;1874;2217 
0;1874;2217 
0;1874;2217 
0;1874;2217 
0;1874;2217 
0;1874;2217 
0;1874;2217 
0;1874;2217 
0;1874;2217 
0;1874;2217 
0;1874;2217 
0;1874;2217 
0;1874;2217 
0;1874;2217 
0;1874;2217 
0;1874;2217 
0;1874;2217 
0;1874;2217 
0;1874;2217 
0;1874;2217 
0;1874;2217 
0;1874;2217 
0;1874;2217 
0;1874;2217 
0;1874;2217 
0;1874;2217 
0;1874;2217 
0;1874;2217 
0;1874;2217 
0;1874;2217 
0;1874;2217 
0;1874;2217 
0;1874;2217 
0;1874;2217 
0;1874;2217 
0;1874;2217 
0;1874;2217 
0;1874;2217 
0;1874;2217 
0;1874;2217 
0;1874;2217 
0;1874;2217 
0;1874;2217 
0;1874;2217 
0;1874;2217 
0;1874;2217 
0;1874;2217 
0;1874;2217 
0;1874;2217 
0;1874;2217 
0;1874;2217 
0;1874;2217 
0;1874;2217 
0;1874;2217 
0;1874;2217 
0;1874;2217 
0;1874;2217 
0;1874;2217 
0;1874;2217 
0;1874;2217 
0;1874;2217 
0;1874;2217 
0;1874;2217 
0;1874;2217 
0;1874;2217 
0;1874;2217 
0;1874;2217 
0;1874;2217 
0;1874;2217 
0;1874;2217 
0;1874;2217 
0;1874;2217 
0;1874;2217 
0;1874;2217 
0;1874;2217 
0;1874;2217 
0;1874;2217 
0;1874;2217 
0;1874;2217 
0;1874;2217 
0;1874;2217 
0;1874;2217 
0;1874;2217 
0;1874;2217 
0;1874;2217 
0;1874;2217 
0;1874;2217 
0;1874;2217 
0;1874;2217 
0;1874;2217 
0;1874;2217 
0;1874;2217 
0;1874;2217 
0;1874;2217 
0;1874;2217 
0;1874;2217 
0;1874;2217 
0;1874;2217 
0;1874;2217 
0;1874;2217 
0;1874;2217 
0;1874;2217 
0;1874;2217 
0;1874;2217 
0;1874;2217 
0;1874;2217 
0;1874;2217 
0;1874;2217 
0;1874;2217 
0;1874;2217 
0;1874;2217 
0;1874;2217 
0;1874;2217 
0;1874;2217 
0;1874;2217 
0;1874;2217 
0;1874;2217 
0;1874;2217 
0;1874;2217 
0;1874;2217 
0;1874;2217 
0;1874;2217 
0;1874;2217 
0;1874;2217 
0;1874;2217 
0;1874;2217 
0;1874;2217 
0;1874;2217 
0;1874;2217 
0;1874;2217 
0;1874;2217 
0;1874;2217 
0;1874;2217 
0;1874;2217 
0;1874;2217 
0;1874;2217 
0;1874;2217 
0;1874;2217 
0;1874;2217 
0;1874;2217 
0;1874;2217 
0;1874;2217 
0;1874;2217 
0;1874;2217 
0;1874;2217 
0;1874;2217 
0;1874;2217 
0;1874;2217 
0;1874;2217 
0;1874;2217 
0;1874;2217 
0;1874;2217 
0;1874;2217 
0;1874;2217 
0;1874;2217 
0;1874;2217 
0;1874;2217 
0;1874;2217 
0;1874;2217 
0;1874;2217 
0;1874;2217 
0;1874;2217 
0;1874;2217 
0;1874;2217 
0;1874;2217 
0;1874;2217 
0;1874;2217 
0;1874;2217 
0;1874;2217 
0;1874;2217 
0;1874;2217 
0;1874;2217 
0;1874;2217 
0;1874;2217 
0;1874;2217 
0;1874;2217 
0;1874;2217 
0;1874;2217 
0;1874;65535 
0;1874;65535 
0;1874;65535 
0;1874;65535 
0;1874;65535 
0;1874;65535 
0;1874;65535 
0;1874;65535 
0;1874;65535 
0;1874;65535 
0;1874;65535 
0;1874;65535 
0;1874;65535 
0;1874;65535 
0;1874;65535 
0;1874;65535 
0;1874;65535 
0;1874;65535 
0;1874;65535 
0;1874;65535 
0;1874;65535 
0;1874;65535 
0;1874;65535 
0;1874;65535 
0;1874;65535 
0;1874;65535 
0;1874;65535 
0;1874;65535 
0;1874;65535 
0;1874;65535 
0;1874;65535 
0;1874;65535 
0;1874;65535 
0;1874;65535 
0;1874;65535 
0;1874;65535 
0;1874;65535 
0;1874;65535 
0;1874;65535 
0;1874;65535 
0;1874;65535 
0;1874;65535 
0;1874;65535 
0;1874;65535 
0;1874;65535 
0;1874;65535 
0;1874;65535 
0;1874;65535 
0;1874;65535 
0;1874;65535 
0;1874;65535 
0;1874;65535 
0;1874;65535 
0;1874;65535 
0;1874;65535 
0;1874;65535 
0;1874;65535 
0;1874;65535 
0;1874;65535 
0;1874;65535 
0;1874;65535 
0;1874;65535 
0;1874;65535 
0;1874;65535 
0;1874;65535 
0;1874;65535 
0;1874;65535 
0;1874;65535 
0;1874;65535 
0;1874;65535 
0;1874;65535 
0;1874;65535 
0;1874;65535 
0;1874;65535 
0;1874;65535 
0;1874;65535 
0;1874;65535 
0;1874;65535 
0;1874;65535 
0;1874;65535 
0;1874;65535 
0;1874;65535 
0;1874;65535 
0;1874;65535 
0;1874;65535 
0;1874;65535 
0;1874;65535 
0;1874;65535 
0;1874;65535 
0;1874;65535 
0;1874;65535 
0;1874;65535 
0;1874;65535 
0;1874;65535 
0;1874;65535 
0;1874;65535 
0;1874;65535 
0;1874;65535 
0;1874;65535 
0;1874;65535 
0;1874;65535 
0;1874;65535 
0;1874;65535 
0;1874;65535 
0;1874;65535 
0;1874;65535 
0;1874;65535 
0;1874;65535 
0;1874;65535 
0;1874;65535 
0;1874;65535 
0;1874;65535 
0;1874;65535 
0;1874;65535 
0;1874;65535 
0;1874;65535 
0;1874;65535 
0;1874;65535 
0;1874;65535 
0;1874;65535 
0;1874;65535 
0;1874;65535 
0;1874;65535 
0;1874;65535 
0;1874;65535 
0;1874;65535 
0;1874;65535 
0;1874;65535 
0;1874;65535 
0;1874;65535 
0;1874;65535 
0;1874;65535 
0;1874;65535 
0;1874;65535 
0;1874;65535 
0;1874;65535 
0;1874;65535 
0;1874;65535 
0;1874;65535 
0;1874;65535 
0;1874;65535 
0;1874;65535 
0;1874;65535 
0;1874;65535 
0;1874;65535 
0;1874;65535 
0;1874;65535 
0;1874;65535 
0;1874;65535 
0;1874;65535 
0;1874;65535 
0;1874;65535 
0;1874;65535 
0;1874;65535 
0;1874;65535 
0;1874;65535 
0;1874;65535 
0;1874;65535 
0;1874;65535 
0;1874;65535 
0;1874;65535 
0;1874;65535 
0;1874;65535 
0;1874;65535 
0;1874;65535 
0;1874;65535 
0;1874;65535 
0;1874;65535 
0;1874;65535 
0;1874;65535 
0;1874;65535 
0;1874;65535 
0;1874;65535 
0;1874;65535 
0;1874;65535 
0;1874;65535 
0;1874;65535 
0;1874;65535 
0;1874;65535 
0;1874;65535 
0;1874;65535 
0;1874;65535 
0;1874;65535 
0;1874;65535 
0;1874;65535 
0;1874;65535 
0;1874;65535 
0;1874;65535 
0;1874;65535 
0;1874;65535 
0;1874;65535 
0;1874;65535 
0;1874;65535 
0;1874;65535 
0;1874;65535 
0;1874;65535 
0;1874;65535 
0;1874;65535 
0;1874;65535 
0;1874;65535 
0;1874;65535 
0;1874;65535 
0;1874;65535 
0;1874;65535 
0;1874;65535 
0;1874;65535 
0;1874;65535 
0;1874;65535 
0;1874;65535 
0;1874;65535 
0;1874;65535 
0;1874;65535 
0;1874;65535 
0;1874;65535 
0;1874;65535 
0;1874;65535 
0;1874;65535 
0;1874;65535 
0;1874;65535 
0;1874;65535 
0;1874;65535 
0;1874;65535 
0;1874;65535 
0;1874;65535 
0;1874;65535 
0;1874;65535 
0;1874;65535 
0;1874;65535 
0;1874;65535 
0;1874;65535 
0;1874;65535 
0;1874;65535 
0;1874;65535 
0;1874;65535 
0;1874;65535 
0;1874;65535 
0;1874;65535 
0;1874;65535 
0;1874;65535 
0;1874;65535 
0;1874;65535 
0;1874;65535 
0;1874;65535 
0;1874;65535 
0;1874;65535 
0;1874;65535 
0;1874;65535 
0;1874;65535 
0;1874;65535 
0;1874;65535 
0;1874;65535 
0;1874;65535 
0;1874;65535 
0;1874;65535 
0;1874;65535 
0;1874;65535 
0;1874;65535 
0;1874;65535 
0;1874;65535 
0;1874;65535 
0;1874;65535 
0;1874;65535 
0;1874;65535 
0;1874;65535 
0;1874;65535 
0;1874;65535 
0;1874;65535 
0;1874;65535 
0;1874;65535 
0;1874;65535 
0;1874;65535 
0;1874;65535 
0;1874;65535 
0;1874;65535 
0;1874;65535 
0;1874;65535 
0;1874;65535 
0;1874;65535 
0;1874;65535 
0;1874;65535 
0;1874;65535 
0;1874;65535 
0;1874;65535 
0;1874;65535 
0;1874;65535 
0;1874;65535 
0;1874;65535 
0;1874;65535 
0;1874;65535 
0;1874;65535 
0;1874;65535 
0;1874;65535 
0;1874;65535 
0;1874;65535 
0;1874;65535 
0;1874;65535 
0;1874;65535 
0;1874;65535 
0;1874;65535 
0;1874;65535 
0;1874;65535 
0;1874;65535 
0;1874;65535 
0;1874;65535 
0;1874;65535 
0;1874;65535 
0;1874;65535 
0;1874;65535 
0;1874;65535 
0;1874;65535 
0;1874;65535 
0;1874;65535 
0;1874;65535 
0;1874;65535 
0;1874;65535 
0;1874;65535 
0;1874;65535 
0;1874;65535 
0;1874;65535 
0;1874;65535 
0;1874;65535 
0;1874;65535 
0;1874;65535 
0;1874;65535 
0;1874;65535 
0;1874;65535 
0;1874;65535 
0;1874;65535 
0;1874;65535 
0;1874;65535 
0;1874;65535 
0;1874;65535 
0;1874;65535 
0;1874;65535 
0;1874;65535 
0;1874;65535 
0;1874;65535 
0;1874;65535 
0;1874;65535 
0;1874;65535 
0;1874;65535 
0;1874;65535 
0;1874;65535 
0;1874;65535 
0;1874;65535 
0;1874;65535 
0;1874;65535 
0;1874;65535 
0;1874;65535 
0;1874;65535 
0;1874;65535 
0;1874;65535 
0;1874;65535 
0;1874;65535 
0;1874;65535 
0;1874;65535 
0;1874;65535 
0;1874;65535 
0;1874;65535 
0;1874;65535 
0;1874;65535 
0;1874;65535 
0;1874;65535 
0;1874;65535 
0;1874;65535 
0;1874;65535 
0;1874;65535 
0;1874;65535 
0;1874;65535 
0;0;0 
0;0;0 
0;0;0 
0;0;0 
0;0;0 
0;0;0 
0;0;0 
0;0;0 
0;0;0 
0;0;0 
0;0;0 
0;0;0 
0;0;0 
0;0;0 
0;0;0 
0;0;0 
0;0;0 
0;0;0 
0;0;0 
0;0;0 
0;0;0 
0;0;0 
0;0;0 
0;0;0 
0;0;0 
0;0;0 
0;0;0 
0;0;0 
0;0;0 
0;0;0 
0;0;0 
0;0;0 
0;0;0 
0;0;0 
0;0;0 
0;0;0 
0;0;0 
0;0;0 
0;0;0 
0;0;0 
0;0;0 
0;0;0 
0;0;0 
0;0;0 
0;0;0 
0;0;0 
0;0;0 
0;0;0 
0;0;0 
0;0;0 
0;0;0 
0;0;0 
0;0;0 
0;0;0 
0;0;0 
0;0;0 
0;0;0 
0;0;0 
0;0;0 
0;0;0 
0;0;0 
0;0;0 
0;0;0 
0;0;0 
0;0;0 
0;0;0 
0;0;0 
0;0;0 
0;0;0 
0;0;0 
0;0;0 
0;0;0 
0;0;0 
0;0;0 
0;0;0 
0;0;0 
0;0;0 
0;0;0 
0;0;0 
0;0;0 
0;0;0 
0;0;0 
0;0;0 
0;0;0 
0;0;0 
0;0;0 
0;0;0 
0;0;0 
0;0;0 
0;0;0 
0;0;0 
0;0;0 
0;0;0 
0;0;0 
0;0;0 
0;0;0 
0;0;0 
0;0;0 
0;0;0 
0;0;0 
0;0;0 
0;0;0 
0;0;0 
0;0;0 
0;0;0 
0;0;0 
0;0;0 
0;0;0 
0;0;0 
0;0;0 
0;0;0 
0;0;0 
0;0;0 
0;0;0 
0;0;0 
0;0;0 
0;0;0 
0;0;0 
0;0;0 
0;0;0 
0;0;0 
0;0;0 
0;0;0 
0;0;0 
0;0;0 
0;0;0 
0;0;0 
0;0;0 
0;0;0 
0;0;0 
0;0;0 
0;0;0 
0;0;0 
0;0;0 
0;0;0 
0;0;0 
0;0;0 
0;0;0 
0;0;0 
0;0;0 
0;0;0 
0;0;0 
0;0;0 
0;0;0 
0;0;0 
0;0;0 
0;0;0 
0;0;0 
0;0;0 
0;0;0 
0;0;0 
0;0;0 
0;0;0 
0;0;0 
0;0;0 
0;0;0 
0;0;0 
0;0;0 
0;0;0 
0;0;0 
0;0;0 
0;0;0 
0;0;0 
0;0;0 
0;0;0 
0;0;0 
Tapez  1 pour afficher les mesures, 2 pour acquisition avant, 3 pour acquisition arriere: 
Acquisition ... fait 
Tapez  1 pour afficher les mesures, 2 pour acquisition avant, 3 pour acquisition arriere: 
Mesures en acceleration 
Courant;Position;Vitesse 
3305;1874;65535 
2945;1874;65535 
3140;1874;65535 
3194;1873;3667 
3450;1873;3667 
3450;1873;3667 
3450;1873;3667 
2948;1873;3667 
2700;1872;3667 
2479;1872;3667 
2521;1872;3667 
2521;1871;924 
2521;1871;924 
2618;1871;924 
2540;1871;924 
2481;1870;924 
2490;1870;924 
2379;1869;668 
2379;1868;668 
3236;1868;668 
2492;1867;668 
2522;1867;668 
2360;1866;668 
2777;1865;815 
2777;1865;815 
2777;1864;815 
2801;1863;815 
2272;1863;815 
2539;1862;815 
2395;1861;661 
2205;1860;661 
2205;1859;661 
2509;1859;661 
2174;1858;661 
2438;1857;635 
2303;1856;635 
2298;1855;635 
2298;1855;635 
2298;1854;635 
2423;1853;634 
2050;1852;634 
2006;1852;634 
2559;1851;634 
2559;1851;634 
2559;1850;634 
2260;1849;635 
2105;1848;635 
2344;1847;635 
2430;1847;635 
2249;1846;635 
2249;1845;634 
2536;1844;634 
2077;1843;634 
2466;1843;634 
2136;1842;634 
2860;1841;652 
2860;1841;652 
2860;1840;652 
2372;1839;652 
2060;1839;652 
2523;1838;652 
2701;1837;617 
30;1836;617 
30;1835;617 
2062;1834;617 
2386;1833;572 
2092;1832;572 
2498;1831;572 
2482;1831;572 
2482;1830;572 
2482;1829;532 
2203;1828;532 
2225;1827;532 
2022;1826;532 
2432;1825;502 
2432;1824;502 
2432;1823;502 
1925;1822;502 
2361;1821;506 
1869;1820;506 
2397;1819;506 
2002;1819;506 
2002;1817;497 
2281;1816;497 
2236;1815;497 
2262;1815;497 
2494;1813;483 
2196;1812;483 
2196;1811;483 
2196;1811;483 
1906;1809;464 
2084;1808;464 
2066;1807;464 
2000;1806;464 
0;1805;441 
0;1803;441 
2232;1803;441 
2151;1802;441 
1663;1800;443 
2197;1799;443 
2024;1799;443 
2024;1797;437 
2024;1796;437 
2203;1795;437 
1455;1794;437 
2061;1793;427 
2310;1791;427 
2310;1791;427 
2310;1789;419 
1849;1788;419 
2192;1787;419 
2126;1786;419 
1923;1784;401 
2462;1783;401 
2462;1782;401 
2640;1781;399 
1877;1779;399 
2190;1779;399 
2199;1777;395 
1970;1776;395 
1970;1775;395 
1970;1774;395 
1821;1772;391 
2187;1771;391 
1889;1770;391 
2100;1768;387 
2444;1767;387 
2444;1766;387 
2264;1765;375 
2079;1763;375 
1739;1762;375 
2111;1761;376 
2161;1759;376 
2161;1759;376 
2161;1757;372 
1876;1755;372 
2185;1755;372 
2169;1753;366 
2065;1751;366 
2065;1751;366 
2065;1749;363 
1763;1747;363 
2021;1747;363 
2193;1745;353 
1843;1743;353 
2030;1743;353 
2030;1741;354 
2325;1739;354 
1547;1738;354 
2084;1737;355 
1912;1735;355 
1914;1734;355 
1914;1733;353 
1914;1731;353 
1617;1730;353 
1828;1729;351 
2147;1727;351 
1921;1726;351 
127;1724;340 
127;1723;340 
2041;1722;340 
1575;1720;341 
1907;1719;341 
2039;1717;337 
1755;1716;337 
1755;1715;337 
1755;1713;339 
1961;1711;339 
1883;1711;339 
1972;1709;339 
2364;1707;339 
2364;1706;339 
2364;1704;329 
2081;1703;329 
1929;1702;329 
1596;1700;330 
2203;1699;330 
2136;1697;328 
2136;1695;328 
2377;1694;328 
1862;1693;324 
2129;1691;324 
1833;1690;324 
1898;1688;326 
1898;1687;326 
1898;1685;315 
1632;1683;315 
1459;1682;315 
1523;1681;316 
1814;1679;316 
2051;1678;316 
2051;1676;314 
1629;1675;314 
1720;1673;313 
1928;1671;313 
1570;1670;313 
1888;1668;315 
1888;1667;315 
1888;1665;307 
1504;1663;307 
1663;1662;307 
1723;1661;307 
2066;1659;307 
2066;1658;307 
2066;1656;306 
1851;1655;306 
1923;1653;305 
2179;1651;305 
1966;1650;305 
1799;1648;304 
1799;1647;304 
2206;1645;297 
2100;1643;297 
2082;1642;297 
1815;1640;296 
1808;1639;296 
1808;1637;294 
1808;1635;294 
1663;1633;294 
1669;1632;294 
1716;1630;294 
1989;1628;295 
169;1627;295 
169;1625;289 
1735;1623;289 
1530;1622;289 
1447;1620;290 
1910;1619;290 
2067;1617;289 
2067;1615;289 
2067;1614;289 
1394;1612;291 
1808;1611;291 
1853;1609;293 
1852;1607;293 
1852;1605;287 
1852;1603;287 
1328;1602;287 
1385;1600;287 
1842;1599;287 
2014;1597;286 
2023;1595;286 
2023;1594;286 
2075;1592;288 
1850;1591;288 
1837;1589;289 
1897;1587;289 
2151;1585;282 
2151;1583;282 
2151;1582;282 
1433;1580;282 
1847;1579;282 
2050;1577;282 
1935;1575;282 
1908;1573;281 
1908;1571;281 
1641;1570;281 
1550;1568;282 
1904;1567;282 
1880;1565;276 
2005;1563;276 
2005;1561;278 
2005;1559;278 
1827;1558;278 
1587;1556;277 
1968;1555;277 
1648;1552;277 
1648;1551;277 
1648;1549;278 
1798;1547;278 
1654;1546;278 
1404;1544;271 
1638;1542;271 
1550;1540;273 
1550;1539;273 
2025;1537;272 
1879;1535;272 
1889;1533;271 
1964;1531;271 
1813;1530;271 
1813;1528;273 
1813;1526;273 
1471;1524;266 
1749;1523;266 
1641;1521;268 
1692;1519;268 
36;1517;267 
36;1515;267 
1771;1514;267 
1543;1512;266 
1619;1510;266 
1606;1508;268 
1762;1507;268 
1762;1504;261 
1762;1503;261 
1477;1501;261 
1655;1499;261 
1862;1497;263 
1923;1495;263 
1923;1494;263 
1923;1491;261 
1531;1490;261 
1454;1488;264 
1420;1486;264 
1712;1484;258 
1763;1483;258 
1763;1481;261 
2216;1479;261 
1778;1477;261 
1920;1475;261 
1928;1473;260 
2036;1471;260 
2036;1470;260 
2036;1468;263 
1501;1466;263 
1355;1464;256 
1717;1462;256 
1218;1460;258 
0;1459;258 
0;1456;257 
1691;1455;257 
1543;1453;258 
1890;1451;258 
1858;1449;260 
2008;1447;260 
2008;1445;256 
2008;1443;256 
1537;1442;256 
1544;1440;257 
1749;1438;257 
1571;1436;257 
1571;1434;257 
1571;1432;257 
1656;1431;257 
1692;1429;259 
1762;1427;259 
1695;1425;252 
2026;1423;252 
2026;1421;256 
2202;1419;256 
1726;1417;255 
1731;1415;255 
1672;1414;255 
1743;1411;255 
1743;1410;255 
1743;1408;258 
1277;1406;258 
1465;1404;253 
1689;1403;253 
1404;1400;254 
1845;1399;254 
1845;1396;253 
1698;1395;253 
1262;1393;254 
1906;1391;254 
1926;1389;254 
1857;1387;254 
1857;1385;249 
1857;1383;249 
1874;1381;251 
1454;1379;251 
1773;1378;251 
1770;1375;249 
1770;1374;249 
1770;1371;248 
1439;1370;248 
1536;1368;251 
1554;1366;251 
1365;1364;245 
1469;1362;245 
1469;1360;246 
2361;1358;246 
1269;1356;244 
1682;1354;244 
1464;1352;244 
1720;1351;244 
1720;1348;246 
1720;1347;246 
1394;1344;242 
1662;1343;242 
1151;1340;242 
1671;1339;242 
135;1336;242 
135;1335;242 
1375;1332;243 
1656;1331;243 
1599;1328;246 
1748;1327;246 
1599;1324;240 
1599;1323;240 
1599;1320;241 
1603;1319;241 
1551;1316;241 
1802;1315;241 
1464;1312;241 
1464;1311;241 
1464;1309;242 
1411;1307;242 
1554;1305;238 
1693;1303;238 
1301;1300;238 
1700;1299;238 
1700;1296;238 
2288;1295;238 
1311;1292;239 
1648;1291;239 
1647;1288;241 
1653;1287;241 
1653;1284;236 
1653;1283;236 
982;1280;238 
1608;1279;238 
1522;1276;238 
1901;1275;238 
1483;1272;238 
1483;1271;238 
1570;1268;241 
1387;1267;241 
1205;1264;236 
1676;1263;236 
1176;1260;237 
1176;1259;237 
1176;1256;237 
1525;1254;237 
1111;1252;236 
1499;1251;236 
1591;1248;239 
1591;1246;239 
1591;1244;234 
1217;1242;234 
1276;1240;237 
1632;1238;237 
1430;1236;236 
1464;1234;236 
1464;1232;238 
2164;1230;238 
1390;1228;240 
1460;1226;240 
1167;1224;236 
1576;1222;236 
1576;1220;237 
1576;1218;237 
1204;1216;238 
1311;1214;238 
1571;1212;238 
1561;1210;238 
206;1208;241 
206;1206;241 
1190;1203;236 
1563;1202;236 
1394;1199;238 
1750;1198;238 
1601;1195;239 
1601;1194;239 
1601;1191;239 
1469;1190;239 
1577;1187;241 
1372;1186;241 
1299;1183;237 
1299;1182;237 
1299;1179;239 
1393;1178;239 
1468;1175;238 
1543;1174;238 
1706;1171;241 
1756;1170;241 
1756;1167;242 
2053;1166;242 
1190;1163;238 
1595;1162;238 
1511;1159;240 
1690;1158;240 
1690;1155;240 
1690;1154;240 
1485;1151;241 
1586;1150;241 
1621;1147;243 
1507;1146;243 
1478;1143;239 
1478;1142;239 
1356;1140;241 
1567;1138;241 
1348;1136;242 
1452;1134;242 
1613;1132;241 
1613;1130;241 
1613;1128;244 
1295;1126;244 
1231;1124;239 
1500;1122;239 
1562;1120;242 
1562;1118;242 
1562;1116;242 
1257;1114;242 
1325;1112;242 
1557;1110;242 
1592;1108;245 
1516;1106;245 
1516;1104;241 
2407;1102;241 
1116;1100;244 
1558;1098;244 
1408;1096;243 
1770;1095;243 
1770;1092;245 
1770;1091;245 
1536;1088;247 
1592;1087;247 
1279;1084;241 
1576;1083;241 
71;1080;242 
71;1079;242 
1417;1076;241 
1612;1075;241 
1354;1072;242 
1767;1071;242 
1607;1068;243 
1607;1067;243 
1607;1064;239 
1613;1063;239 
1232;1060;242 
1643;1059;242 
1743;1056;240 
1743;1055;240 
1743;1052;241 
1644;1051;241 
1446;1049;242 
1663;1047;242 
1486;1045;239 
1668;1043;239 
1668;1040;239 
2193;1039;239 
1415;1036;237 
1716;1035;237 
1381;1032;238 
1793;1031;238 
1793;1028;240 
1793;1027;240 
1198;1024;235 
1359;1023;235 
991;1020;236 
1727;1019;236 
0;1016;236 
0;1015;236 
1311;1012;235 
1445;1011;235 
1492;1008;238 
1421;1006;238 
1301;1004;233 
1301;1002;233 
1301;1000;234 
1529;998;234 
1394;996;233 
1415;994;233 
1661;992;233 
1661;990;233 
1661;987;234 
1321;986;234 
1321;983;231 
1820;982;231 
1513;979;232 
1871;977;232 
1871;975;232 
2500;973;232 
1750;971;232 
1724;969;235 
1756;967;235 
1558;965;231 
1558;963;231 
1558;961;232 
1400;959;232 
1624;957;233 
1648;955;233 
1518;952;234 
1810;951;234 
1810;948;236 
1576;947;236 
1336;944;233 
1478;943;233 
1089;940;233 
1596;939;233 
1596;936;233 
1596;934;233 
1116;932;234 
1501;930;234 
1455;928;235 
1457;926;235 
1457;924;230 
1457;922;230 
1329;919;231 
1803;918;231 
1511;915;231 
1785;914;231 
2022;911;232 
2022;909;234 
2534;907;234 
1438;905;229 
1792;903;229 
1741;901;230 
1599;899;230 
1599;897;230 
1599;895;230 
1121;892;231 
1597;891;231 
1646;888;233 
1596;887;233 
142;884;228 
142;883;228 
1150;880;230 
1355;878;230 
1303;876;231 
1300;874;231 
1495;872;232 
1495;870;232 
1495;867;233 
1186;866;233 
1167;863;230 
1688;862;230 
1537;859;231 
1537;857;231 
1537;855;231 
1468;853;232 
1786;851;232 
1679;849;233 
1707;847;233 
1683;845;230 
1683;843;230 
2012;841;231 
1516;839;231 
1460;836;230 
1766;835;230 
1365;832;231 
1365;831;231 
1365;828;233 
1190;826;233 
1330;824;229 
1556;822;229 
1380;820;231 
1769;818;231 
1769;816;230 
1348;814;230 
1532;811;231 
1640;810;231 
1727;807;234 
1560;806;234 
1560;803;230 
1560;801;231 
1586;799;231 
1685;797;231 
1901;795;231 
1878;793;232 
1878;791;232 
1878;789;234 
1537;787;234 
1598;785;231 
1842;783;231 
1625;781;233 
1567;779;233 
1567;776;233 
2339;775;233 
1238;772;234 
1551;771;234 
1591;768;236 
1607;767;236 
1607;764;231 
1607;762;231 
944;760;233 
1592;758;233 
1429;756;233 
1386;754;233 
235;752;232 
235;750;232 
1550;748;235 
1310;746;235 
1308;743;230 
1837;742;230 
1560;739;232 
1560;737;231 
1560;735;231 
1509;733;231 
1915;731;231 
1775;729;234 
1695;727;234 
1695;725;228 
1695;723;228 
1501;721;230 
1458;719;230 
1405;716;229 
1723;715;229 
1345;712;229 
1345;711;229 
2158;708;231 
1237;706;231 
1209;704;227 
1515;702;227 
1422;700;230 
1422;698;230 
1422;695;228 
1320;694;228 
1772;691;229 
1770;689;231 
1794;687;231 
1609;685;228 
1609;683;228 
1561;681;228 
1447;679;228 
1692;677;228 
1775;675;228 
1467;672;229 
1467;671;229 
1467;668;231 
1342;667;231 
1402;664;226 
1637;662;226 
1382;660;228 
1382;658;228 
1382;655;227 
1349;654;227 
1621;651;228 
1660;650;228 
1766;647;231 
1789;645;226 
1789;643;226 
2475;641;227 
1618;639;227 
1741;637;226 
1629;635;226 
1406;632;227 
1406;631;227 
1406;628;230 
1260;626;230 
1134;624;224 
1506;622;224 
1453;620;226 
58;618;226 
58;615;226 
1525;614;226 
1602;611;226 
1618;609;227 
1668;607;227 
1699;605;225 
1699;603;225 
1699;601;225 
1279;599;225 
1270;596;225 
1666;595;225 
1438;592;226 
1438;590;226 
1438;588;228 
1196;586;228 
1163;583;224 
1706;582;224 
1554;579;225 
1767;577;225 
1767;575;225 
2122;573;226 
1649;571;226 
1627;569;228 
1622;567;228 
1757;565;223 
1757;563;223 
1757;560;225 
1396;558;225 
1225;556;224 
1334;554;224 
1536;552;226 
0;550;226 
0;547;227 
1326;545;223 
1597;543;223 
1658;541;225 
1642;539;225 
1830;537;224 
1830;535;224 
1830;532;225 
1601;531;225 
1413;528;226 
1408;526;226 
1186;524;223 
1186;522;223 
1186;520;224 
1536;518;224 
1578;515;225 
1642;513;224 
1965;511;224 
1811;509;226 
1811;507;226 
2159;505;222 
1367;503;222 
1316;500;225 
1510;499;225 
1279;496;224 
1279;494;224 
1279;492;225 
1402;490;225 
1387;487;227 
1375;486;227 
1496;483;224 
1991;481;225 
1991;479;225 
1553;477;224 
1587;475;224 
1483;473;224 
1722;471;224 
1560;468;228 
1560;467;228 
1560;464;222 
1395;462;222 
1279;460;224 
1617;458;224 
1504;455;223 
1504;454;223 
1504;451;225 
1591;449;227 
1582;447;227 
1490;445;223 
1800;443;223 
1576;441;224 
1576;439;224 
2080;436;222 
1401;435;222 
1311;432;225 
1430;430;225 
1506;428;227 
1506;426;227 
1506;423;222 
1573;422;222 
1428;419;223 
1596;417;224 
1804;415;224 
139;413;223 
139;411;223 
0;0;0 
0;0;0 
0;0;0 
0;0;0 
0;0;0 
0;0;0 
0;0;0 
0;0;0 
0;0;0 
0;0;0 
0;0;0 
0;0;0 
0;0;0 
0;0;0 
0;0;0 
0;0;0 
0;0;0 
0;0;0 
0;0;0 
0;0;0 
0;0;0 
0;0;0 
0;0;0 
0;0;0 
0;0;0 
0;0;0 
0;0;0 
0;0;0 
0;0;0 
0;0;0 
0;0;0 
0;0;0 
0;0;0 
0;0;0 
0;0;0 
0;0;0 
0;0;0 
0;0;0 
0;0;0 
0;0;0 
0;0;0 
0;0;0 
0;0;0 
0;0;0 
0;0;0 
0;0;0 
0;0;0 
0;0;0 
0;0;0 
0;0;0 
0;0;0 
0;0;0 
0;0;0 
0;0;0 
0;0;0 
0;0;0 
0;0;0 
0;0;0 
0;0;0 
0;0;0 
0;0;0 
0;0;0 
0;0;0 
0;0;0 
0;0;0 
0;0;0 
0;0;0 
0;0;0 
0;0;0 
0;0;0 
0;0;0 
0;0;0 
0;0;0 
0;0;0 
0;0;0 
0;0;0 
0;0;0 
0;0;0 
0;0;0 
0;0;0 
0;0;0 
0;0;0 
0;0;0 
0;0;0 
0;0;0 
0;0;0 
0;0;0 
0;0;0 
0;0;0 
0;0;0 
0;0;0 
0;0;0 
0;0;0 
0;0;0 
0;0;0 
0;0;0 
0;0;0 
0;0;0 
0;0;0 
0;0;0 
0;0;0 
0;0;0 
0;0;0 
0;0;0 
0;0;0 
0;0;0 
0;0;0 
0;0;0 
0;0;0 
0;0;0 
0;0;0 
0;0;0 
0;0;0 
0;0;0 
0;0;0 
0;0;0 
0;0;0 
0;0;0 
0;0;0 
0;0;0 
0;0;0 
0;0;0 
0;0;0 
0;0;0 
0;0;0 
0;0;0 
0;0;0 
0;0;0 
0;0;0 
0;0;0 
0;0;0 
0;0;0 
0;0;0 
0;0;0 
0;0;0 
0;0;0 
0;0;0 
0;0;0 
0;0;0 
0;0;0 
0;0;0 
0;0;0 
0;0;0 
0;0;0 
0;0;0 
0;0;0 
0;0;0 
0;0;0 
0;0;0 
0;0;0 
0;0;0 
0;0;0 
0;0;0 
0;0;0 
0;0;0 
0;0;0 
0;0;0 
0;0;0 
0;0;0 
0;0;0 
0;0;0 
0;0;0 
0;0;0 
0;0;0 
0;0;0 
0;0;0 
0;0;0 
0;0;0 
 
 
Mesures en deceleration 
Courant;Position;Vitesse 
0;409;226 
0;407;226 
0;404;226 
0;403;226 
0;400;234 
0;399;234 
0;396;241 
0;395;241 
0;392;249 
0;391;249 
0;389;260 
0;387;260 
0;385;264 
0;383;264 
0;382;264 
0;380;274 
0;379;274 
0;377;283 
0;375;65535 
0;374;65535 
0;372;294 
0;371;294 
0;369;307 
0;367;307 
0;366;307 
0;364;314 
0;363;314 
0;361;329 
0;360;329 
0;359;329 
0;357;340 
0;356;340 
0;355;340 
0;353;356 
0;352;356 
0;351;356 
0;349;375 
0;348;375 
0;347;375 
0;346;375 
0;344;388 
0;343;388 
0;342;388 
0;341;408 
0;340;408 
0;339;408 
0;338;408 
0;336;428 
0;335;428 
0;335;428 
0;333;452 
0;332;452 
0;331;452 
0;331;452 
0;329;485 
0;328;485 
0;327;485 
0;327;485 
0;326;485 
0;325;506 
0;323;506 
0;323;506 
0;322;506 
0;321;547 
0;320;547 
0;319;547 
0;319;547 
0;318;547 
0;317;586 
0;316;586 
0;315;586 
0;315;586 
0;314;586 
0;313;640 
0;313;640 
0;312;640 
0;311;640 
0;311;640 
0;310;640 
0;309;712 
0;309;712 
0;308;712 
0;307;712 
0;307;712 
0;306;712 
0;306;712 
0;305;782 
0;304;782 
0;304;782 
0;303;782 
0;303;782 
0;303;782 
0;302;782 
0;301;896 
0;301;896 
0;300;896 
0;300;896 
0;299;896 
0;299;896 
0;299;896 
0;298;896 
0;298;896 
0;297;1038 
0;297;1038 
0;296;1038 
0;296;1038 
0;295;1038 
0;295;1038 
0;295;1038 
0;295;1038 
0;294;1038 
0;294;1038 
0;294;1038 
0;293;1285 
0;293;1285 
0;292;1285 
0;292;1285 
0;292;1285 
0;291;1285 
0;291;1285 
0;291;1285 
0;291;1285 
0;291;1285 
0;291;1285 
0;290;1285 
0;290;1285 
0;290;1285 
0;290;1285 
0;289;1813 
0;289;1813 
0;289;1813 
0;289;1813 
0;288;1813 
0;288;1813 
0;288;1813 
0;288;1813 
0;288;1813 
0;287;1813 
0;287;1813 
0;287;1813 
0;287;1813 
0;287;1813 
0;287;1813 
0;287;1813 
0;287;1813 
0;287;1813 
0;287;1813 
0;287;1813 
0;287;1813 
0;287;1813 
0;287;1813 
0;287;1813 
0;287;1813 
0;287;1813 
0;287;1813 
0;287;1813 
0;287;1813 
0;287;1813 
0;287;1813 
0;286;1813 
0;286;1813 
0;286;1813 
0;286;1813 
0;286;1813 
0;286;1813 
0;286;1813 
0;286;1813 
0;286;1813 
0;286;1813 
0;286;1813 
0;286;1813 
0;286;1813 
0;286;1813 
0;286;1813 
0;286;1813 
0;286;1813 
0;286;1813 
0;286;1813 
0;286;1813 
0;286;1813 
0;286;1813 
0;286;1813 
0;286;1813 
0;286;1813 
0;286;1813 
0;286;1813 
0;286;1813 
0;286;1813 
0;286;1813 
0;286;1813 
0;286;1813 
0;286;1813 
0;286;1813 
0;286;1813 
0;286;1813 
0;286;1813 
0;286;1813 
0;286;1813 
0;286;1813 
0;286;1813 
0;286;1813 
0;286;1813 
0;286;1813 
0;286;1813 
0;286;1813 
0;286;1813 
0;286;1813 
0;286;1813 
0;286;1813 
0;286;1813 
0;286;1813 
0;286;1813 
0;286;1813 
0;286;1813 
0;286;1813 
0;286;1813 
0;286;1813 
0;286;1813 
0;286;1813 
0;286;1813 
0;286;1813 
0;286;1813 
0;286;1813 
0;286;1813 
0;286;1813 
0;286;1813 
0;286;1813 
0;286;1813 
0;286;1813 
0;286;1813 
0;286;1813 
0;286;1813 
0;286;1813 
0;286;1813 
0;286;1813 
0;286;1813 
0;286;1813 
0;286;1813 
0;286;1813 
0;286;1813 
0;286;1813 
0;286;1813 
0;286;1813 
0;286;1813 
0;286;1813 
0;286;1813 
0;286;1813 
0;286;1813 
0;286;1813 
0;286;1813 
0;286;1813 
0;286;1813 
0;286;1813 
0;286;1813 
0;286;1813 
0;286;1813 
0;286;1813 
0;286;1813 
0;286;1813 
0;286;1813 
0;286;1813 
0;286;1813 
0;286;1813 
0;286;1813 
0;286;1813 
0;286;1813 
0;286;1813 
0;286;1813 
0;286;1813 
0;286;1813 
0;286;1813 
0;286;1813 
0;286;1813 
0;286;1813 
0;286;1813 
0;286;1813 
0;286;1813 
0;286;1813 
0;286;1813 
0;286;1813 
0;286;1813 
0;286;1813 
0;286;1813 
0;286;1813 
0;286;1813 
0;286;1813 
0;286;1813 
0;286;1813 
0;286;1813 
0;286;1813 
0;286;1813 
0;286;1813 
0;286;1813 
0;286;1813 
0;286;1813 
0;286;1813 
0;286;1813 
0;286;1813 
0;286;1813 
0;286;1813 
0;286;1813 
0;286;1813 
0;286;1813 
0;286;1813 
0;286;1813 
0;286;1813 
0;286;1813 
0;286;1813 
0;286;1813 
0;286;1813 
0;286;1813 
0;286;1813 
0;286;1813 
0;286;1813 
0;286;1813 
0;286;1813 
0;286;1813 
0;286;1813 
0;286;1813 
0;286;1813 
0;286;1813 
0;286;1813 
0;286;1813 
0;286;1813 
0;286;1813 
0;286;1813 
0;286;1813 
0;286;1813 
0;286;1813 
0;286;1813 
0;286;1813 
0;286;1813 
0;286;1813 
0;286;1813 
0;286;1813 
0;286;1813 
0;286;1813 
0;286;1813 
0;286;1813 
0;286;1813 
0;286;1813 
0;286;1813 
0;286;1813 
0;286;1813 
0;286;1813 
0;286;1813 
0;286;1813 
0;286;1813 
0;286;1813 
0;286;1813 
0;286;1813 
0;286;1813 
0;286;1813 
0;286;1813 
0;286;1813 
0;286;1813 
0;286;1813 
0;286;1813 
0;286;1813 
0;286;1813 
0;286;1813 
0;286;1813 
0;286;1813 
0;286;1813 
0;286;1813 
0;286;1813 
0;286;1813 
0;286;1813 
0;286;1813 
0;286;1813 
0;286;1813 
0;286;1813 
0;286;1813 
0;286;1813 
0;286;1813 
0;286;1813 
0;286;1813 
0;286;1813 
0;286;1813 
0;286;1813 
0;286;1813 
0;286;1813 
0;286;1813 
0;286;1813 
0;286;1813 
0;286;1813 
0;286;1813 
0;286;1813 
0;286;1813 
0;286;1813 
0;286;1813 
0;286;1813 
0;286;1813 
0;286;1813 
0;286;1813 
0;286;1813 
0;286;1813 
0;286;1813 
0;286;1813 
0;286;1813 
0;286;1813 
0;286;1813 
0;286;1813 
0;286;1813 
0;286;1813 
0;286;1813 
0;286;1813 
0;286;1813 
0;286;1813 
0;286;1813 
0;286;1813 
0;286;1813 
0;286;1813 
0;286;1813 
0;286;1813 
0;286;1813 
0;286;1813 
0;286;1813 
0;286;1813 
0;286;1813 
0;286;1813 
0;286;1813 
0;286;1813 
0;286;1813 
0;286;1813 
0;286;1813 
0;286;1813 
0;286;1813 
0;286;1813 
0;286;1813 
0;286;1813 
0;286;1813 
0;286;1813 
0;286;1813 
0;286;1813 
0;286;1813 
0;286;1813 
0;286;1813 
0;286;1813 
0;286;1813 
0;286;1813 
0;286;1813 
0;286;1813 
0;286;1813 
0;286;1813 
0;286;1813 
0;286;1813 
0;286;1813 
0;286;1813 
0;286;1813 
0;286;1813 
0;286;1813 
0;286;1813 
0;286;1813 
0;286;1813 
0;286;1813 
0;286;1813 
0;286;1813 
0;286;1813 
0;286;1813 
0;286;1813 
0;286;1813 
0;286;1813 
0;286;1813 
0;286;1813 
0;286;1813 
0;286;1813 
0;286;1813 
0;286;1813 
0;286;1813 
0;286;1813 
0;286;1813 
0;286;1813 
0;286;1813 
0;286;1813 
0;286;1813 
0;286;1813 
0;286;1813 
0;286;1813 
0;286;1813 
0;286;1813 
0;286;1813 
0;286;1813 
0;286;1813 
0;286;1813 
0;286;1813 
0;286;1813 
0;286;1813 
0;286;1813 
0;286;1813 
0;286;1813 
0;286;1813 
0;286;1813 
0;286;1813 
0;286;1813 
0;286;1813 
0;286;1813 
0;286;1813 
0;286;1813 
0;286;1813 
0;286;1813 
0;286;1813 
0;286;1813 
0;286;1813 
0;286;1813 
0;286;1813 
0;286;1813 
0;286;1813 
0;286;1813 
0;286;1813 
0;286;1813 
0;286;1813 
0;286;1813 
0;286;1813 
0;286;1813 
0;286;1813 
0;286;1813 
0;286;1813 
0;286;1813 
0;286;1813 
0;286;1813 
0;286;1813 
0;286;1813 
0;286;1813 
0;286;1813 
0;286;1813 
0;286;1813 
0;286;1813 
0;286;1813 
0;286;1813 
0;286;1813 
0;286;1813 
0;286;1813 
0;286;1813 
0;286;1813 
0;286;1813 
0;286;1813 
0;286;1813 
0;286;1813 
0;286;1813 
0;286;1813 
0;286;1813 
0;286;1813 
0;286;1813 
0;286;1813 
0;286;1813 
0;286;1813 
0;286;1813 
0;286;1813 
0;286;1813 
0;286;1813 
0;286;1813 
0;286;1813 
0;286;1813 
0;286;1813 
0;286;1813 
0;286;1813 
0;286;1813 
0;286;1813 
0;286;1813 
0;286;1813 
0;286;1813 
0;286;1813 
0;286;1813 
0;286;1813 
0;286;65535 
0;286;65535 
0;286;65535 
0;286;65535 
0;286;65535 
0;286;65535 
0;286;65535 
0;286;65535 
0;286;65535 
0;286;65535 
0;286;65535 
0;286;65535 
0;286;65535 
0;286;65535 
0;286;65535 
0;286;65535 
0;286;65535 
0;286;65535 
0;286;65535 
0;286;65535 
0;286;65535 
0;286;65535 
0;286;65535 
0;286;65535 
0;286;65535 
0;286;65535 
0;286;65535 
0;286;65535 
0;286;65535 
0;286;65535 
0;286;65535 
0;286;65535 
0;286;65535 
0;286;65535 
0;286;65535 
0;286;65535 
0;286;65535 
0;286;65535 
0;286;65535 
0;286;65535 
0;286;65535 
0;286;65535 
0;286;65535 
0;286;65535 
0;286;65535 
0;286;65535 
0;286;65535 
0;286;65535 
0;286;65535 
0;286;65535 
0;286;65535 
0;286;65535 
0;286;65535 
0;286;65535 
0;286;65535 
0;286;65535 
0;286;65535 
0;286;65535 
0;286;65535 
0;286;65535 
0;286;65535 
0;286;65535 
0;286;65535 
0;286;65535 
0;286;65535 
0;286;65535 
0;286;65535 
0;286;65535 
0;286;65535 
0;286;65535 
0;286;65535 
0;286;65535 
0;286;65535 
0;286;65535 
0;286;65535 
0;286;65535 
0;286;65535 
0;286;65535 
0;286;65535 
0;286;65535 
0;286;65535 
0;286;65535 
0;286;65535 
0;286;65535 
0;286;65535 
0;286;65535 
0;286;65535 
0;286;65535 
0;286;65535 
0;286;65535 
0;286;65535 
0;286;65535 
0;286;65535 
0;286;65535 
0;286;65535 
0;286;65535 
0;286;65535 
0;286;65535 
0;286;65535 
0;286;65535 
0;286;65535 
0;286;65535 
0;286;65535 
0;286;65535 
0;286;65535 
0;286;65535 
0;286;65535 
0;286;65535 
0;286;65535 
0;286;65535 
0;286;65535 
0;286;65535 
0;286;65535 
0;286;65535 
0;286;65535 
0;286;65535 
0;286;65535 
0;286;65535 
0;286;65535 
0;286;65535 
0;286;65535 
0;286;65535 
0;286;65535 
0;286;65535 
0;286;65535 
0;286;65535 
0;286;65535 
0;286;65535 
0;286;65535 
0;286;65535 
0;286;65535 
0;286;65535 
0;286;65535 
0;286;65535 
0;286;65535 
0;286;65535 
0;286;65535 
0;286;65535 
0;286;65535 
0;286;65535 
0;286;65535 
0;286;65535 
0;286;65535 
0;286;65535 
0;286;65535 
0;286;65535 
0;286;65535 
0;286;65535 
0;286;65535 
0;286;65535 
0;286;65535 
0;286;65535 
0;286;65535 
0;286;65535 
0;286;65535 
0;286;65535 
0;286;65535 
0;286;65535 
0;286;65535 
0;286;65535 
0;286;65535 
0;286;65535 
0;286;65535 
0;286;65535 
0;286;65535 
0;286;65535 
0;286;65535 
0;286;65535 
0;286;65535 
0;286;65535 
0;286;65535 
0;286;65535 
0;286;65535 
0;286;65535 
0;286;65535 
0;286;65535 
0;286;65535 
0;286;65535 
0;286;65535 
0;286;65535 
0;286;65535 
0;286;65535 
0;286;65535 
0;286;65535 
0;286;65535 
0;286;65535 
0;286;65535 
0;286;65535 
0;286;65535 
0;286;65535 
0;286;65535 
0;286;65535 
0;286;65535 
0;286;65535 
0;286;65535 
0;286;65535 
0;286;65535 
0;286;65535 
0;286;65535 
0;286;65535 
0;286;65535 
0;286;65535 
0;286;65535 
0;286;65535 
0;286;65535 
0;286;65535 
0;286;65535 
0;286;65535 
0;286;65535 
0;286;65535 
0;286;65535 
0;286;65535 
0;286;65535 
0;286;65535 
0;286;65535 
0;286;65535 
0;286;65535 
0;286;65535 
0;286;65535 
0;286;65535 
0;286;65535 
0;286;65535 
0;286;65535 
0;286;65535 
0;286;65535 
0;286;65535 
0;286;65535 
0;286;65535 
0;286;65535 
0;286;65535 
0;286;65535 
0;286;65535 
0;286;65535 
0;286;65535 
0;286;65535 
0;286;65535 
0;286;65535 
0;286;65535 
0;286;65535 
0;286;65535 
0;286;65535 
0;286;65535 
0;286;65535 
0;286;65535 
0;286;65535 
0;286;65535 
0;286;65535 
0;286;65535 
0;286;65535 
0;286;65535 
0;286;65535 
0;286;65535 
0;286;65535 
0;286;65535 
0;286;65535 
0;286;65535 
0;286;65535 
0;286;65535 
0;286;65535 
0;286;65535 
0;286;65535 
0;286;65535 
0;286;65535 
0;286;65535 
0;286;65535 
0;286;65535 
0;286;65535 
0;286;65535 
0;1874;65535 
0;0;0 
0;0;0 
0;0;0 
0;0;0 
0;0;0 
0;0;0 
0;0;0 
0;0;0 
0;0;0 
0;0;0 
0;0;0 
0;0;0 
0;0;0 
0;0;0 
0;0;0 
0;0;0 
0;0;0 
0;0;0 
0;0;0 
0;0;0 
0;0;0 
0;0;0 
0;0;0 
0;0;0 
0;0;0 
0;0;0 
0;0;0 
0;0;0 
0;0;0 
0;0;0 
0;0;0 
0;0;0 
0;0;0 
0;0;0 
0;0;0 
0;0;0 
0;0;0 
0;0;0 
0;0;0 
0;0;0 
0;0;0 
0;0;0 
0;0;0 
0;0;0 
0;0;0 
0;0;0 
0;0;0 
0;0;0 
0;0;0 
0;0;0 
0;0;0 
0;0;0 
0;0;0 
0;0;0 
0;0;0 
0;0;0 
0;0;0 
0;0;0 
0;0;0 
0;0;0 
0;0;0 
0;0;0 
0;0;0 
0;0;0 
0;0;0 
0;0;0 
0;0;0 
0;0;0 
0;0;0 
0;0;0 
0;0;0 
0;0;0 
0;0;0 
0;0;0 
0;0;0 
0;0;0 
0;0;0 
0;0;0 
0;0;0 
0;0;0 
0;0;0 
0;0;0 
0;0;0 
0;0;0 
0;0;0 
0;0;0 
0;0;0 
0;0;0 
0;0;0 
0;0;0 
0;0;0 
0;0;0 
0;0;0 
0;0;0 
0;0;0 
0;0;0 
0;0;0 
0;0;0 
0;0;0 
0;0;0 
0;0;0 
0;0;0 
0;0;0 
0;0;0 
0;0;0 
0;0;0 
0;0;0 
0;0;0 
0;0;0 
0;0;0 
0;0;0 
0;0;0 
0;0;0 
0;0;0 
0;0;0 
0;0;0 
0;0;0 
0;0;0 
0;0;0 
0;0;0 
0;0;0 
0;0;0 
0;0;0 
0;0;0 
0;0;0 
0;0;0 
0;0;0 
0;0;0 
0;0;0 
0;0;0 
0;0;0 
0;0;0 
0;0;0 
0;0;0 
0;0;0 
0;0;0 
0;0;0 
0;0;0 
0;0;0 
0;0;0 
0;0;0 
0;0;0 
0;0;0 
0;0;0 
0;0;0 
0;0;0 
0;0;0 
0;0;0 
0;0;0 
0;0;0 
0;0;0 
0;0;0 
0;0;0 
0;0;0 
0;0;0 
0;0;0 
0;0;0 
0;0;0 
0;0;0 
0;0;0 
0;0;0 
0;0;0 
0;0;0 
0;0;0 
0;0;0 
0;0;0 
Tapez  1 pour afficher les mesures, 2 pour acquisition avant, 3 pour acquisition arriere: 
