Mesures en accel/decel
Acc_I;Acc_Pos;Acc_Vit;Dec_I;Dec_Pos;Dec_Vit
1386;0;65535;786;5486;407
3074;0;65535;4095;5490;361
3600;0;65535;4095;5494;407
3747;0;65535;4095;5498;408
3793;0;65535;4095;5502;407
3796;0;65535;4095;5506;361
3786;0;65535;4095;5510;407
3772;0;65535;4095;5514;408
3758;0;65535;4095;5518;407
3742;1;65535;4095;5521;407
3726;1;65535;4095;5525;452
3710;1;65535;4095;5529;407
3694;2;65535;4095;5533;407
3681;2;65535;4095;5537;407
3665;2;65535;4095;5540;452
3650;3;65535;4095;5544;407
3634;3;65535;4095;5547;453
3619;3;65535;4095;5551;407
3605;4;65535;4095;5555;452
3590;4;65535;4095;5559;452
3576;5;65535;4095;5562;453
3561;5;65535;4095;5566;407
3546;6;3709;4095;5569;407
3533;6;3709;4095;5573;452
3519;7;3709;4095;5576;452
3504;8;3709;4095;5580;498
3490;8;3709;4095;5583;452
3476;9;3709;4095;5586;452
3463;10;2578;4095;5590;453
3449;10;2578;4095;5593;453
3435;11;2578;4095;5597;497
3421;12;2578;4095;5600;452
3407;13;2578;4095;5603;498
3395;13;2578;4095;5607;452
3382;14;2125;4095;5610;498
3368;15;2125;4095;5613;498
3355;16;2125;4095;5616;497
3342;17;2125;4095;5620;498
3330;18;1855;4095;5623;497
3317;19;1855;4095;5626;498
3304;20;1855;4095;5629;498
3291;21;1855;4095;5632;497
3278;22;1673;4095;5635;543
3267;23;1673;4095;5638;498
3254;23;1673;4095;5642;497
3242;25;1673;4095;5645;497
3229;26;1583;4095;5647;543
3217;27;1583;4095;5650;543
3206;28;1583;4095;5654;497
3193;29;1583;4095;5657;497
3181;30;1402;4095;5660;543
3169;31;1402;4095;5662;543
3157;32;1402;4095;5665;543
3147;34;1357;4095;5668;542
3135;35;1357;4095;5671;588
3123;36;1357;4095;5674;543
3111;37;1357;4095;5677;543
3100;39;1312;4095;5679;543
3090;40;1312;4095;5682;588
3078;41;1312;4095;5685;588
3067;42;1221;4095;5688;588
3056;44;1221;4095;5690;588
3044;45;1221;4095;5693;588
3035;47;1176;4095;5696;543
3023;48;1176;4095;5699;633
3013;49;1176;4095;5701;633
3002;51;1131;4095;5704;588
2991;52;1131;4095;5707;588
2981;54;1130;4095;5709;588
2971;55;1130;4095;5712;633
2960;57;1130;4095;5714;588
2949;58;1041;4095;5717;588
2939;60;1041;4095;5719;633
2930;61;1041;4095;5722;633
2920;63;1040;4095;5725;633
2909;64;1040;4095;5727;633
2899;66;995;4095;5729;633
2889;68;995;4095;5732;634
2880;69;995;4095;5734;633
2870;71;995;4095;5737;633
2860;73;995;4095;5739;678
2850;74;950;4095;5742;634
2841;76;950;4095;5744;634
2832;78;950;4095;5746;678
2822;79;950;4095;5749;678
2813;81;950;4095;5751;678
2803;83;904;4095;5753;678
2794;85;904;4095;5756;679
2786;87;905;4095;5758;678
2776;88;905;4095;5760;678
2767;90;859;4095;5763;724
2758;92;859;4095;5765;724
2749;94;860;4095;5767;724
2741;96;860;4095;5769;724
2732;98;859;4095;5772;678
2723;99;859;4095;5774;724
2714;101;859;4095;5776;724
2705;103;859;4095;5778;769
2697;105;859;4095;5780;769
2689;107;814;4095;5782;723
2680;109;814;4095;5784;723
2671;111;815;4095;5786;769
2663;113;815;4095;5789;769
2655;115;814;4095;5791;769
2647;117;814;4095;5793;769
2639;119;768;4095;5795;769
2630;121;768;4095;5797;769
2622;123;769;4095;5799;769
2615;126;769;4095;5801;769
2607;127;769;4095;5803;769
2599;130;769;4095;5805;769
2591;132;769;4095;5807;814
2583;134;769;4095;5809;814
2576;136;769;4095;5811;814
2568;138;724;4095;5813;814
2560;140;724;4095;5815;814
2552;142;769;4095;5816;814
2545;145;769;4095;5818;859
2538;147;723;4095;5820;859
2530;149;723;4095;5822;814
2523;151;724;4095;5824;814
2515;154;678;4095;5826;860
2508;156;678;4095;5828;860
2501;158;724;4095;5829;860
2494;160;724;4095;5831;904
2487;163;724;4095;5833;904
2480;165;724;4095;5835;860
2472;167;678;4095;5837;860
2466;170;679;4095;5838;904
2459;172;679;4095;5840;904
2452;174;678;4095;5842;905
2445;177;678;4095;5844;905
2438;179;678;4095;5845;905
2432;181;678;4095;5847;950
2425;184;679;4095;5849;950
2418;186;678;4095;5850;904
2412;188;678;4095;5852;904
2405;191;633;4095;5854;995
2399;193;633;4095;5855;995
2392;196;679;4095;5857;995
2386;198;633;4095;5859;950
2379;201;633;4095;5860;950
2373;203;633;4095;5862;995
2367;206;633;4095;5863;995
2361;208;679;4095;5865;995
2354;211;633;4095;5867;995
2348;213;633;4095;5868;995
2342;216;633;4095;5870;995
2336;218;633;4095;5871;995
2330;221;633;4095;5873;995
2324;223;588;4095;5874;1041
2318;226;634;4095;5876;1041
2312;229;634;4095;5877;1041
2307;231;633;4095;5879;1085
2301;234;588;4095;5880;1085
2295;236;588;4095;5882;1040
2289;239;633;4095;5883;1040
2283;242;588;4095;5885;1040
2278;244;588;4095;5886;1086
2272;247;633;4095;5888;1086
2266;249;633;4095;5889;1086
2261;252;588;4095;5890;1130
2255;255;588;4095;5892;1130
2250;258;588;4095;5893;1130
2245;260;589;4095;5895;1131
2239;263;587;4095;5896;1131
2234;266;588;4095;5897;1131
2228;268;588;4095;5899;1131
2223;271;588;4095;5900;1131
2218;274;588;4095;5902;1176
2213;276;588;4095;5903;1176
2207;279;588;4095;5904;1176
2202;282;588;4095;5905;1176
2197;285;588;4095;5907;1221
2192;287;588;4095;5908;1221
2187;290;543;4095;5909;1221
2182;293;543;4095;5911;1221
2177;296;588;4095;5912;1221
2172;299;542;4095;5913;1221
2167;301;542;4095;5914;1267
2162;304;588;4095;5916;1267
2157;307;543;4095;5917;1267
2152;310;588;4095;5918;1266
2148;313;588;4095;5919;1266
2143;316;543;4095;5921;1266
2138;319;543;4095;5922;1312
2134;322;542;4095;5923;1312
2129;324;542;4095;5924;1312
2125;327;588;4095;5925;1312
2120;330;543;4095;5927;1311
2115;333;543;4095;5928;1311
2111;336;543;4095;5929;1311
2106;339;543;4095;5930;1357
2102;342;542;4095;5931;1357
2097;345;542;4095;5932;1357
2093;348;543;4095;5934;1402
2088;351;543;4095;5935;1402
2084;354;542;4095;5936;1402
2080;357;542;4095;5937;1402
2076;359;543;4095;5938;1448
2071;363;498;4095;5939;1448
2067;366;542;4095;5940;1448
2063;369;542;4095;5941;1448
2059;371;543;4095;5942;1447
2055;374;543;4095;5943;1447
2051;378;497;4095;5944;1447
2046;381;497;4095;5945;1447
2042;384;543;4095;5947;1492
2039;387;543;4095;5948;1492
2034;390;497;4095;5949;1492
2030;393;497;4095;5950;1538
2026;396;543;4095;5951;1538
2022;399;498;4095;5952;1538
2019;402;543;4095;5953;1538
2015;405;543;4095;5954;1583
2011;408;497;4095;5955;1583
2007;411;498;4095;5956;1583
2003;414;542;4095;5957;1583
2000;417;542;4095;5958;1583
1996;420;498;4095;5959;1583
1992;424;497;4095;5960;1583
1988;427;543;4095;5960;1583
1985;430;498;4095;5961;1583
1981;433;498;4095;5962;1674
1978;436;497;4095;5963;1674
1974;439;498;4095;5964;1674
1970;443;542;4095;5965;1674
1967;446;498;4095;5966;1718
1964;449;498;4095;5967;1718
1960;452;497;4095;5968;1718
1956;455;498;4095;5969;1718
1953;458;498;4095;5970;1764
1949;462;497;4095;5971;1764
1946;465;497;4095;5972;1764
1943;468;497;4095;5972;1764
1940;471;498;4095;5973;1764
1936;474;498;4095;5974;1810
1933;478;497;4095;5975;1810
1930;481;497;4095;5976;1810
1926;484;498;4095;5977;1810
1923;487;497;4095;5978;1854
1920;491;498;4095;5978;1854
1917;494;452;4095;5979;1854
1914;497;452;4095;5980;1854
1910;500;497;4095;5981;1854
1907;504;498;4095;5982;1900
1904;507;497;4095;5982;1900
1901;510;498;4095;5983;1900
1898;513;498;4095;5984;1900
1895;517;452;4095;5985;1900
1892;520;498;4095;5986;1990
1889;523;497;4095;5986;1990
1886;527;453;4095;5987;1990
1883;530;497;4095;5988;1990
1880;533;497;4095;5989;1990
1877;536;498;4095;5990;2080
1874;540;452;4095;5990;2080
1871;543;497;4095;5991;2080
1869;546;453;4095;5992;2080
1866;550;497;4095;5993;2080
1863;553;497;4095;5993;2080
1860;557;498;4095;5994;2126
1857;560;452;4095;5995;2126
1855;563;498;4095;5995;2126
1852;566;452;4095;5996;2126
1849;570;497;4095;5997;2126
1846;573;497;4095;5998;2216
1844;577;453;4095;5998;2216
1841;580;452;4095;5999;2216
1838;583;497;4095;6000;2216
1836;587;453;4095;6000;2216
1833;590;497;4095;6001;2216
1830;594;453;4095;6002;2262
1828;597;453;4095;6002;2262
1825;600;452;4095;6003;2262
1823;604;497;4095;6004;2262
1820;607;453;4095;6004;2262
1818;611;452;4095;6005;2262
1815;614;497;4095;6006;2397
1813;617;497;4095;6006;2397
1810;621;453;4095;6007;2397
1808;624;452;4095;6008;2397
1805;628;452;4095;6008;2397
1803;631;498;4095;6009;2397
1801;635;452;4095;6010;2487
1798;638;452;4095;6010;2487
1796;642;453;4095;6011;2487
1794;645;453;4095;6011;2487
1791;648;452;4095;6012;2487
1789;652;498;4095;6013;2487
1787;655;452;4095;6013;2487
1784;659;452;4095;6014;2578
1782;663;452;4095;6015;2578
1780;666;453;4095;6015;2578
1778;669;453;4095;6016;2578
1775;673;452;4095;6016;2578
1773;676;452;4095;6017;2578
1771;680;452;4095;6017;2578
1769;683;453;4095;6018;2669
1767;687;452;4095;6019;2669
1765;690;452;4095;6019;2669
1762;694;453;4095;6020;2669
1760;698;452;4095;6020;2669
1758;701;452;4095;6021;2669
1756;704;452;4095;6021;2669
1754;708;453;4095;6022;2849
1752;712;452;4095;6022;2849
1750;715;452;4095;6023;2849
1748;718;452;4095;6024;2849
1746;722;453;4095;6024;2849
1744;726;452;4095;6025;2849
1742;729;452;4095;6025;2849
1740;733;452;4095;6026;2940
1738;736;453;4095;6026;2940
1736;740;452;4095;6027;2940
1734;743;452;4095;6027;2940
1732;747;453;4095;6028;2940
1730;751;406;4095;6028;2940
1729;754;453;4095;6029;2940
1727;758;452;4095;6029;2940
1725;761;452;4095;6030;3121
1723;765;452;4095;6030;3121
1721;769;453;4095;6031;3121
1719;772;452;4095;6031;3121
1717;776;407;4095;6032;3121
1716;779;452;4095;6032;3121
1714;783;453;4095;6033;3121
1712;787;452;4095;6033;3121
1710;790;452;4095;6034;3256
1708;794;407;4095;6034;3256
1707;797;407;4095;6035;3256
1705;801;452;4095;6035;3256
1703;805;453;4095;6036;3256
1702;808;452;4095;6036;3256
1700;812;407;4095;6036;3256
1698;815;452;4095;6037;3256
1696;819;453;4095;6037;3256
1695;823;407;4095;6038;3483
1693;826;452;4095;6038;3483
1692;830;452;4095;6039;3483
1690;834;407;4095;6039;3483
1688;837;407;4095;6040;3483
1687;841;453;4095;6040;3483
1685;844;452;4095;6040;3483
1683;848;407;4095;6041;3483
1682;852;452;4095;6041;3483
1680;856;453;4095;6042;3709
1679;859;407;4095;6042;3709
1677;863;452;4095;6042;3709
1676;866;407;4095;6043;3709
1674;870;452;4095;6043;3709
1673;874;453;4095;6044;3709
1671;878;407;4095;6044;3709
1670;881;407;4095;6045;3709
1668;885;452;4095;6045;3709
1667;889;407;4095;6045;3709
1665;892;452;4095;6046;3889
1664;896;407;4095;6046;3889
1662;899;453;4095;6046;3889
1661;903;407;4095;6047;3889
1659;907;452;4095;6047;3889
1658;911;452;4095;6048;3889
1657;915;407;4095;6048;3889
1655;918;453;4095;6048;3889
1654;922;407;4095;6049;3889
1653;925;407;4095;6049;3889
1651;929;452;4095;6049;3889
1650;933;407;4095;6050;4207
1649;936;452;4095;6050;4207
1647;940;407;4095;6051;4207
1646;944;407;4095;6051;4207
1644;948;453;4095;6051;4207
1643;952;407;4095;6052;4207
1642;955;452;4095;6052;4207
1641;959;407;4095;6052;4207
1639;963;452;4095;6053;4207
1638;967;407;4095;6053;4207
1637;970;453;4095;6053;4207
1636;974;407;4095;6054;4523
1634;978;407;4095;6054;4523
1633;981;407;4095;6054;4523
1632;985;452;4095;6055;4523
1631;989;407;4095;6055;4523
1629;992;453;4095;6055;4523
1628;996;407;4095;6056;4523
1627;1000;407;4095;6056;4523
1626;1004;452;4095;6056;4523
1625;1008;407;4095;6057;4523
1623;1011;407;4095;6057;4523
1622;1015;452;4095;6057;4523
1621;1019;407;4095;6058;4839
1620;1023;453;4095;6058;4839
1619;1027;407;4095;6058;4839
1618;1030;407;4095;6059;4839
1617;1034;452;4095;6059;4839
1615;1038;407;4095;6059;4839
1614;1042;407;4095;6059;4839
1613;1046;407;4095;6060;4839
1612;1049;407;4095;6060;4839
1611;1053;453;4095;6060;4839
1610;1057;407;4095;6061;4839
1609;1061;407;4095;6061;4839
1608;1064;452;4095;6061;4839
1607;1068;407;4095;6062;5292
1606;1072;407;4095;6062;5292
1605;1076;452;4095;6062;5292
1604;1080;407;4095;6062;5292
1603;1083;407;4095;6063;5292
1602;1087;408;4095;6063;5292
1601;1091;452;4095;6063;5292
1600;1095;407;4095;6064;5292
1598;1099;407;4095;6064;5292
1597;1102;407;4095;6064;5292
1597;1106;452;4095;6064;5292
1596;1110;407;4095;6065;5292
1595;1114;407;4095;6065;5292
1594;1118;407;4095;6065;5292
1593;1121;407;4095;6065;5292
1592;1125;453;4095;6066;5789
1591;1129;407;4095;6066;5789
1590;1133;407;4095;6066;5789
1589;1137;407;4095;6066;5789
1588;1141;407;4095;6067;5789
1587;1144;452;4095;6067;5789
1586;1148;407;4095;6067;5789
1585;1152;408;4095;6067;5789
1584;1156;406;4095;6068;5789
1583;1160;408;4095;6068;5789
1582;1163;452;4095;6068;5789
1582;1167;407;4095;6068;5789
1581;1171;407;4095;6069;5789
1580;1175;407;4095;6069;5789
1579;1179;407;4095;6069;5789
1578;1182;407;4095;6069;5789
1577;1186;452;4095;6070;6423
1576;1190;407;4095;6070;6423
1576;1194;408;4095;6070;6423
1575;1198;407;4095;6070;6423
1574;1202;407;4095;6071;6423
1573;1206;407;4095;6071;6423
1572;1209;407;4095;6071;6423
1571;1213;452;4095;6071;6423
1571;1217;407;4095;6071;6423
1570;1221;407;4095;6072;6423
1569;1225;407;4095;6072;6423
1568;1229;407;4095;6072;6423
1567;1233;407;4095;6072;6423
1567;1237;407;4095;6073;6423
1566;1240;407;4095;6073;6423
1565;1244;453;4095;6073;6423
1564;1248;407;4095;6073;6423
1564;1252;407;4095;6073;6423
1563;1256;407;4095;6074;7191
1562;1260;407;4095;6074;7191
1561;1263;407;4095;6074;7191
1561;1267;407;4095;6074;7191
1560;1271;407;4095;6074;7191
1559;1275;407;4095;6075;7191
1558;1279;407;4095;6075;7191
1558;1283;407;4095;6075;7191
1557;1287;407;4095;6075;7191
1556;1291;453;4095;6075;7191
1555;1295;407;4095;6076;7191
1555;1298;407;4095;6076;7191
1554;1302;407;4095;6076;7191
1553;1306;407;4095;6076;7191
1553;1310;407;4095;6076;7191
1552;1314;407;4095;6077;7191
1551;1318;407;4095;6077;7191
1551;1322;407;4095;6077;7191
1550;1326;407;4095;6077;7191
1549;1330;407;4095;6077;7191
1549;1334;407;4095;6077;7191
1548;1337;407;4095;6078;8141
1547;1341;407;4095;6078;8141
1547;1345;407;4095;6078;8141
1546;1349;407;4095;6078;8141
1545;1353;408;4095;6078;8141
1545;1357;407;4095;6079;8141
1544;1361;407;4095;6079;8141
1544;1365;407;4095;6079;8141
1543;1369;407;4095;6079;8141
1542;1373;407;4095;6079;8141
1542;1376;407;4095;6079;8141
1541;1380;407;4095;6080;8141
1540;1384;407;4095;6080;8141
1540;1388;407;4095;6080;8141
1539;1392;407;4095;6080;8141
1539;1396;407;4095;6080;8141
1538;1400;407;4095;6080;8141
1538;1404;407;4095;6081;8141
1537;1408;407;4095;6081;8141
1536;1412;407;4095;6081;8141
1536;1415;407;4095;6081;8141
1535;1419;408;4095;6081;8141
1535;1423;407;4095;6081;8141
1534;1427;407;4095;6082;9408
1534;1431;407;4095;6082;9408
1533;1435;407;4095;6082;9408
1532;1439;407;4095;6082;9408
1532;1443;407;4095;6082;9408
1531;1447;407;4095;6082;9408
1531;1451;407;4095;6082;9408
1530;1455;407;4095;6083;9408
1530;1459;407;4095;6083;9408
1529;1463;407;4095;6083;9408
1529;1467;407;4095;6083;9408
1528;1471;407;4095;6083;9408
1528;1474;407;4095;6083;9408
1527;1478;407;4095;6083;9408
1527;1482;408;4095;6084;9408
1526;1486;407;4095;6084;9408
1526;1490;407;4095;6084;9408
1525;1494;407;4095;6084;9408
1525;1498;362;4095;6084;9408
1524;1502;407;4095;6084;9408
1524;1506;407;4095;6084;9408
1523;1510;407;4095;6085;9408
1523;1514;407;4095;6085;9408
1522;1518;407;4095;6085;9408
1522;1522;407;4095;6085;9408
1521;1526;407;4095;6085;9408
1521;1530;407;4095;6085;9408
1520;1533;407;4095;6085;9408
1520;1537;407;4095;6086;11171
1519;1541;407;4095;6086;11171
1519;1545;407;4095;6086;11171
1518;1550;362;4095;6086;11171
1518;1553;362;4095;6086;11171
1518;1557;407;4095;6086;11171
1517;1561;407;4095;6086;11171
1517;1565;407;4095;6086;11171
1516;1569;407;4095;6087;11171
1516;1573;407;4095;6087;11171
1515;1577;407;4095;6087;11171
1515;1581;407;4095;6087;11171
1515;1585;408;4095;6087;11171
1514;1589;407;4095;6087;11171
1514;1593;361;4095;6087;11171
1513;1597;407;4095;6087;11171
1513;1601;408;4095;6088;11171
1512;1605;407;4095;6088;11171
1512;1609;407;4095;6088;11171
1512;1612;407;4095;6088;11171
1511;1617;407;4095;6088;11171
1511;1621;407;4095;6088;11171
1510;1625;407;4095;6088;11171
1510;1629;362;4095;6088;11171
1510;1632;407;4095;6088;11171
1509;1636;407;4095;6089;11171
1509;1640;407;4095;6089;11171
1508;1644;407;4095;6089;11171
1508;1649;407;4095;6089;11171
1508;1652;407;4095;6089;11171
1507;1656;362;4095;6089;11171
1507;1660;407;4095;6089;11171
1507;1664;407;4095;6089;11171
1506;1668;407;4095;6089;11171
1506;1672;407;4095;6089;11171
1506;1676;407;4095;6090;13659
1505;1680;407;4095;6090;13659
1505;1684;407;4095;6090;13659
1504;1688;362;4095;6090;13659
1504;1692;407;4095;6090;13659
1504;1696;407;4095;6090;13659
1503;1700;407;4095;6090;13659
1503;1704;407;4095;6090;13659
1503;1708;407;4095;6090;13659
1502;1712;362;4095;6090;13659
1502;1716;407;4095;6091;13659
1502;1720;407;4095;6091;13659
1501;1724;407;4095;6091;13659
1501;1728;408;4095;6091;13659
1501;1732;407;4095;6091;13659
1500;1736;361;4095;6091;13659
1500;1740;407;4095;6091;13659
1500;1744;408;4095;6091;13659
1499;1748;407;4095;6091;13659
1499;1752;407;4095;6091;13659
1499;1756;407;4095;6092;13659
1498;1760;362;4095;6092;13659
1498;1764;407;4095;6092;13659
1498;1768;407;4095;6092;13659
1498;1772;407;4095;6092;13659
1497;1776;407;4095;6092;13659
1497;1780;407;4095;6092;13659
1497;1784;362;4095;6092;13659
1496;1788;407;4095;6092;13659
1496;1792;407;4095;6092;13659
1496;1796;407;4095;6092;13659
1495;1800;407;4095;6092;13659
1495;1804;362;4095;6093;13659
1495;1808;407;4095;6093;13659
1495;1811;407;4095;6093;13659
1494;1816;407;4095;6093;13659
1494;1820;407;4095;6093;13659
1494;1824;407;4095;6093;13659
1493;1828;362;4095;6093;13659
1493;1831;407;4095;6093;13659
1493;1836;407;4095;6093;13659
1493;1840;407;4095;6093;13659
1492;1844;407;4095;6093;13659
1492;1848;362;4095;6093;13659
1492;1851;407;4095;6094;17730
1491;1856;407;4095;6094;17730
1491;1860;407;4095;6094;17730
1491;1864;407;4095;6094;17730
1491;1868;362;4095;6094;17730
1490;1871;407;4095;6094;17730
1490;1876;407;4095;6094;17730
1490;1880;407;4095;6094;17730
1490;1884;407;4095;6094;17730
1489;1888;362;4095;6094;17730
1489;1892;407;4095;6094;17730
1489;1896;407;4095;6094;17730
1489;1900;407;4095;6094;17730
1488;1904;362;4095;6094;17730
1488;1908;407;4095;6095;17730
1488;1912;407;4095;6095;17730
1488;1916;407;4095;6095;17730
1487;1920;407;4095;6095;17730
1487;1924;362;4095;6095;17730
1487;1928;407;4095;6095;17730
1487;1932;407;4095;6095;17730
1486;1936;407;4095;6095;17730
1486;1940;362;4095;6095;17730
1486;1944;407;4095;6095;17730
1486;1948;407;4095;6095;17730
1486;1952;407;4095;6095;17730
1485;1956;407;4095;6095;17730
1485;1960;362;4095;6095;17730
1485;1964;407;4095;6096;17730
1485;1968;407;4095;6096;17730
1484;1972;407;4095;6096;17730
1484;1976;362;4095;6096;17730
1484;1980;407;4095;6096;17730
1484;1984;407;4095;6096;17730
1484;1988;407;4095;6096;17730
1483;1992;362;4095;6096;17730
1483;1996;407;4095;6096;17730
1483;2000;407;4095;6096;17730
1483;2004;407;4095;6096;17730
1483;2008;408;4095;6096;17730
1482;2012;361;4095;6096;17730
1482;2016;407;4095;6096;17730
1482;2020;407;4095;6096;17730
1482;2024;408;4095;6096;17730
1482;2028;361;4095;6096;17730
1481;2032;407;4095;6097;17730
1481;2036;408;4095;6097;17730
1481;2040;407;4095;6097;17730
1481;2044;361;4095;6097;17730
1481;2048;407;4095;6097;17730
1480;2052;407;4095;6097;17730
1480;2056;408;4095;6097;17730
1480;2060;361;4095;6097;17730
1480;2064;407;4095;6097;17730
1480;2069;408;4095;6097;17730
1479;2072;407;4095;6097;17730
1479;2076;361;4095;6097;17730
1479;2080;407;4095;6097;17730
1479;2085;408;4095;6097;17730
1479;2089;407;4095;6097;17730
1479;2092;361;4095;6097;17730
1478;2096;407;4095;6097;17730
1478;2101;408;4095;6097;17730
1478;2105;407;4095;6098;25148
1478;2109;361;4095;6098;25148
1478;2112;407;4095;6098;25148
1477;2117;408;4095;6098;25148
1477;2121;407;4095;6098;25148
1477;2125;361;4095;6098;25148
1477;2129;407;4095;6098;25148
1477;2133;407;4095;6098;25148
1477;2137;362;4095;6098;25148
1476;2141;407;4095;6098;25148
1476;2145;407;4095;6098;25148
1476;2149;408;4095;6098;25148
1476;2153;361;4095;6098;25148
1476;2157;407;4095;6098;25148
1476;2161;408;4095;6098;25148
1476;2165;407;4095;6098;25148
1475;2169;361;4095;6098;25148
1475;2173;407;4095;6098;25148
1475;2177;408;4095;6098;25148
1475;2181;407;4095;6098;25148
1475;2185;361;4095;6098;25148
1475;2189;407;4095;6099;25148
1474;2193;408;4095;6099;25148
1474;2197;361;4095;6099;25148
1474;2201;407;4095;6099;25148
1474;2205;407;4095;6099;25148
1474;2210;361;4095;6099;25148
1474;2213;361;4095;6099;25148
1474;2217;407;4095;6099;25148
1473;2221;407;4095;6099;25148
1473;2226;361;4095;6099;25148
1473;2230;407;4095;6099;25148
1473;2233;407;4095;6099;25148
1473;2238;362;4095;6099;25148
1473;2242;407;4095;6099;25148
1473;2246;408;4095;6099;25148
1472;2250;407;4095;6099;25148
1472;2254;361;4095;6099;25148
1472;2258;407;4095;6099;25148
1472;2262;407;4095;6099;25148
1472;2266;362;4095;6099;25148
1472;2270;407;4095;6099;25148
1472;2274;407;4095;6099;25148
1472;2278;407;4095;6099;25148
1471;2282;362;4095;6099;25148
1471;2286;407;4095;6099;25148
1471;2290;407;4095;6100;25148
1471;2294;362;4095;6100;25148
1471;2298;407;4095;6100;25148
1471;2302;407;4095;6100;25148
1471;2306;407;4095;6100;25148
1471;2311;362;4095;6100;25148
1470;2314;407;4095;6100;25148
1470;2318;407;4095;6100;25148
1470;2322;362;4095;6100;25148
1470;2327;407;4095;6100;25148
1470;2331;407;4095;6100;25148
1470;2334;407;4095;6100;25148
1470;2339;362;4095;6100;25148
1470;2343;407;4095;6100;25148
1469;2347;407;4095;6100;25148
1469;2351;362;4095;6100;25148
1469;2355;407;4095;6100;25148
1469;2359;407;4095;6100;25148
1469;2363;362;4095;6100;25148
1469;2367;407;4095;6100;25148
1469;2371;407;4095;6100;25148
1469;2375;407;4095;6100;25148
1469;2379;362;4095;6100;25148
1468;2383;407;4095;6100;25148
1468;2387;407;4095;6100;25148
1468;2391;362;4095;6100;25148
1468;2395;407;4095;6100;25148
1468;2399;407;4095;6100;25148
1468;2403;362;4095;6100;25148
1468;2407;407;4095;6101;25148
1468;2412;407;4095;6101;25148
1468;2415;407;4095;6101;25148
1467;2419;362;4095;6101;25148
1467;2424;407;4095;6101;25148
1467;2428;407;4095;6101;25148
1467;2432;362;4095;6101;25148
1467;2436;407;4095;6101;25148
1467;2440;407;4095;6101;25148
1467;2444;362;4095;6101;25148
1467;2448;407;4095;6101;25148
1467;2452;407;4095;6101;25148
1467;2456;407;4095;6101;25148
1467;2460;362;4095;6101;25148
1466;2464;407;4095;6101;25148
1466;2468;407;4095;6101;25148
1466;2472;362;4095;6101;25148
1466;2476;407;4095;6101;25148
1466;2480;407;4095;6101;25148
1466;2484;362;4095;6101;25148
1466;2488;407;4095;6101;25148
1466;2493;407;4095;6101;25148
1466;2496;362;4095;6101;25148
1466;2500;407;4095;6101;25148
1465;2505;407;4095;6101;25148
1465;2509;407;4095;6101;25148
1465;2513;362;4095;6101;25148
1465;2517;407;4095;6101;25148
1465;2521;407;4095;6101;25148
1465;2525;362;4095;6101;25148
1465;2529;407;4095;6101;25148
1465;2533;407;4095;6101;25148
1465;2537;362;4095;6101;25148
1465;2541;407;4095;6101;25148
1465;2545;407;4095;6101;25148
1465;2549;362;4095;6101;25148
1464;2553;407;4095;6102;43871
1464;2557;407;4095;6102;43871
1464;2561;362;4095;6102;43871
1464;2565;407;4095;6102;43871
1464;2570;362;4095;6102;43871
1464;2574;407;4095;6102;43871
1464;2577;407;4095;6102;43871
1464;2581;407;4095;6102;43871
1464;2586;362;4095;6102;43871
1464;2590;407;4095;6102;43871
1464;2594;407;4095;6102;43871
1464;2598;362;4095;6102;43871
1464;2602;407;4095;6102;43871
1463;2606;407;4095;6102;43871
1463;2610;361;4095;6102;43871
1463;2614;408;4095;6102;43871
1463;2618;407;4095;6102;43871
1463;2622;361;4095;6102;43871
1463;2626;407;4095;6102;43871
1463;2630;408;4095;6102;43871
1463;2634;361;4095;6102;43871
1463;2638;408;4095;6102;43871
1463;2642;406;4095;6102;43871
1463;2646;362;4095;6102;43871
1463;2651;407;4095;6102;43871
1463;2655;407;4095;6102;43871
1463;2658;362;4095;6102;43871
1462;2663;407;4095;6102;43871
1462;2667;407;4095;6102;43871
1462;2671;362;4095;6102;43871
1462;2675;407;4095;6102;43871
1462;2679;407;4095;6102;43871
1462;2683;407;4095;6102;43871
1462;2687;362;4095;6102;43871
1462;2691;407;4095;6102;43871
1462;2695;407;4095;6102;43871
1462;2699;362;4095;6102;43871
1462;2703;407;4095;6102;43871
1462;2707;407;4095;6102;43871
1462;2711;362;4095;6102;43871
1462;2716;407;4095;6102;43871
1462;2719;407;4095;6102;43871
1461;2723;362;4095;6102;43871
1461;2728;407;4095;6102;43871
1461;2732;407;4095;6102;43871
1461;2736;362;4095;6102;43871
1461;2740;407;4095;6102;43871
1461;2744;407;4095;6103;43871
1461;2748;362;4095;6103;43871
1461;2752;407;4095;6103;43871
1461;2756;407;4095;6103;43871
1461;2760;362;4095;6103;43871
1461;2764;407;4095;6103;43871
1461;2768;407;4095;6103;43871
1461;2772;362;4095;6103;43871
1461;2777;407;4095;6103;43871
1461;2780;407;4095;6103;43871
1461;2784;362;4095;6103;43871
1461;2789;407;4095;6103;43871
1460;2793;407;4095;6103;43871
1460;2797;362;4095;6103;43871
1460;2801;407;4095;6103;43871
1460;2805;407;4095;6103;43871
1460;2809;362;4095;6103;43871
1460;2813;407;4095;6103;43871
1460;2817;407;4095;6103;43871
1460;2821;362;4095;6103;43871
1460;2825;407;4095;6103;43871
1460;2829;407;4095;6103;43871
1460;2833;362;4095;6103;43871
1460;2837;407;4095;6103;43871
1460;2841;407;4095;6103;43871
1460;2845;362;4095;6103;43871
1460;2849;407;4095;6103;43871
1460;2854;362;4095;6103;43871
1460;2858;407;4095;6103;43871
1460;2861;407;4095;6103;43871
1460;2866;361;4095;6103;43871
1459;2870;408;4095;6103;43871
1459;2874;407;4095;6103;43871
1459;2878;361;4095;6103;43871
1459;2882;407;4095;6103;43871
1459;2886;408;4095;6103;43871
1459;2890;361;4095;6103;43871
1459;2894;407;4095;6103;43871
1459;2898;407;4095;6103;43871
1459;2902;362;4095;6103;43871
1459;2906;407;4095;6103;43871
1459;2910;407;4095;6103;43871
1459;2915;362;4095;6103;43871
1459;2919;407;4095;6103;43871
1459;2922;407;4095;6103;43871
1459;2927;362;4095;6103;43871
1459;2931;407;4095;6103;43871
1459;2935;407;4095;6103;43871
1459;2939;362;4095;6103;43871
1459;2943;407;4095;6103;43871
1459;2947;407;4095;6103;43871
1459;2951;362;4095;6103;43871
1459;2955;407;4095;6103;43871
1459;2959;362;4095;6103;43871
1458;2963;407;4095;6103;43871
1458;2967;407;4095;6103;43871
1458;2971;362;4095;6103;43871
1458;2976;407;4095;6103;43871
1458;2980;407;4095;6103;43871
1458;2983;362;4095;6103;43871
1458;2988;407;4095;6103;43871
1458;2992;407;4095;6103;43871
1458;2996;362;4095;6103;43871
1458;3000;407;4095;6103;43871
1458;3004;407;4095;6103;43871
1458;3008;362;4095;6103;43871
1458;3012;407;4095;6103;43871
1458;3016;407;4095;6103;43871
1458;3020;362;4095;6104;43871
1458;3024;407;4095;6104;43871
1458;3028;407;4095;6104;43871
1458;3032;362;4095;6104;43871
1458;3037;407;4095;6104;43871
1458;3041;407;4095;6104;43871
1458;3044;362;4095;6104;43871
1458;3049;407;4095;6104;43871
1458;3053;407;4095;6104;43871
1458;3057;362;4095;6104;43871
1458;3061;407;4095;6104;43871
1458;3065;407;4095;6104;43871
1458;3069;362;4095;6104;43871
1458;3073;407;4095;6104;43871
1457;3077;407;4095;6104;43871
1457;3081;362;4095;6104;43871
1457;3085;407;4095;6104;43871
1457;3089;361;4095;6104;43871
1457;3093;407;4095;6104;43871
1457;3098;361;4095;6104;43871
1457;3102;407;4095;6104;43871
1457;3105;407;4095;6104;43871
1457;3110;362;4095;6104;43871
1457;3114;407;4095;6104;43871
1457;3118;407;4095;6104;43871
1457;3122;362;4095;6104;43871
1457;3126;407;4095;6104;43871
1457;3130;407;4095;6104;43871
1457;3134;362;4095;6104;43871
1457;3138;407;4095;6104;43871
1457;3142;407;4095;6104;43871
1457;3146;362;4095;6104;43871
1457;3150;407;4095;6104;43871
1457;3154;407;4095;6104;43871
1457;3159;362;4095;6104;43871
1457;3163;407;4095;6104;43871
1457;3166;407;4095;6104;43871
1457;3171;362;4095;6104;43871
1457;3175;407;4095;6104;43871
1457;3179;407;4095;6104;43871
1457;3183;362;4095;6104;43871
1457;3187;407;4095;6104;43871
1457;3191;362;4095;6104;43871
1457;3195;407;4095;6104;43871
1457;3199;407;4095;6104;43871
1457;3203;362;4095;6104;43871
1457;3207;407;4095;6104;43871
1456;3211;407;4095;6104;43871
1456;3215;362;4095;6104;43871
1456;3220;407;4095;6104;43871
1456;3224;407;4095;6104;43871
1456;3227;362;4095;6104;43871
1456;3232;407;4095;6104;43871
1456;3236;407;4095;6104;43871
1456;3240;362;4095;6104;43871
1456;3244;407;4095;6104;43871
1456;3248;407;4095;6104;43871
1456;3252;362;4095;6104;43871
1456;3256;407;4095;6104;43871
1456;3260;407;4095;6104;43871
1456;3264;362;4095;6104;43871
1456;3268;407;4095;6104;43871
1456;3272;362;4095;6104;43871
1456;3276;407;4095;6104;43871
1456;3281;407;4095;6104;43871
1456;3285;361;4095;6104;43871
1456;3288;408;4095;6104;43871
1456;3293;407;4095;6104;43871
1456;3297;361;4095;6104;43871
1456;3301;407;4095;6104;43871
1456;3305;408;4095;6104;43871
1456;3309;361;4095;6104;43871
1456;3313;407;4095;6104;43871
1456;3317;408;4095;6104;43871
1456;3321;361;4095;6104;43871
1456;3325;407;4095;6104;43871
1456;3329;407;4095;6104;43871
1456;3333;362;4095;6104;43871
1456;3338;362;4095;6104;43871
1456;3342;407;4095;6104;43871
1456;3346;407;4095;6104;43871
1456;3350;362;4095;6104;43871
1456;3354;407;4095;6104;43871
1456;3358;407;4095;6104;43871
1456;3362;362;4095;6104;43871
1456;3366;407;4095;6104;43871
1456;3370;407;4095;6104;43871
1456;3374;362;4095;6104;43871
1456;3378;407;4095;6104;43871
1456;3382;407;4095;6104;43871
1456;3387;362;4095;6104;43871
1455;3390;407;4095;6104;43871
1455;3394;407;4095;6104;43871
1455;3399;362;4095;6104;43871
1455;3403;407;4095;6104;43871
1455;3407;362;4095;6104;43871
1455;3411;407;4095;6104;43871
1455;3415;407;4095;6104;43871
1455;3419;362;4095;6104;43871
1455;3423;407;4095;6104;43871
1455;3427;407;4095;6104;43871
1455;3431;362;4095;6104;43871
1455;3435;407;4095;6104;43871
1455;3439;407;4095;6104;43871
1455;3443;362;4095;6104;43871
0;0;0;4095;6104;43871
0;0;0;4095;6104;43871
0;0;0;4095;6104;43871
Tapez  1 pour afficher les mesures, 2 pour acquisition avant, 3 pour acquisition arriere:

