Mesures en accel/decel 
Acc_I;Acc_Pos;Acc_Vit;Dec_I;Dec_Pos;Dec_Vit 
2771;23482;65535;583;26384;3232 
3965;23482;65535;110;26389;3251 
4095;23482;65535;0;26393;3295 
4095;23482;65535;0;26397;3342 
4095;23483;65535;0;26401;3428 
4053;23483;65535;0;26405;3460 
3971;23483;65535;0;26409;3498 
3951;23484;65535;0;26413;3549 
3861;23484;65535;0;26417;3601 
3682;23484;65535;0;26421;3701 
3960;23484;65535;0;26425;3741 
4002;23485;65535;0;26428;3741 
4030;23485;65535;0;26432;3785 
3815;23485;65535;0;26436;3845 
3868;23486;65535;0;26440;3908 
3939;23487;65535;0;26443;4020 
3876;23487;65535;0;26446;4071 
3808;23488;65535;0;26449;4126 
3510;23488;65535;0;26453;4199 
3480;23488;65535;0;26456;4199 
3567;23489;31569;0;26460;4275 
3852;23489;31569;0;26463;4408 
3685;23490;31569;0;26466;4475 
3798;23490;31569;0;26469;4545 
3858;23491;31569;0;26472;4545 
3729;23492;31569;0;26475;4633 
3698;23492;31569;0;26478;4727 
3663;23493;24477;0;26480;4727 
3492;23493;24477;0;26484;4882 
3359;23494;24477;0;26486;4968 
3526;23495;24477;0;26489;5060 
3495;23496;24477;0;26492;5060 
3549;23496;24477;0;26495;5172 
3440;23497;18116;0;26497;5290 
3498;23499;18116;0;26500;5290 
3435;23500;18116;0;26502;5483 
3563;23500;18116;0;26504;5483 
3613;23501;15785;0;26507;5603 
3469;23502;15785;0;26509;5727 
3461;23503;15785;0;26512;5727 
3195;23504;15785;0;26514;5871 
3507;23505;14751;0;26516;5871 
3543;23506;14751;0;26519;6022 
3610;23507;14751;0;26521;6260 
3353;23508;14751;0;26524;6260 
3451;23509;14060;0;26525;6425 
3443;23510;14060;0;26528;6425 
3562;23511;14060;0;26530;6590 
3537;23512;14060;0;26532;6590 
3517;23513;13050;0;26534;6779 
3228;23515;13050;0;26536;6779 
3282;23516;13050;0;26538;6986 
3333;23517;11886;0;26540;6986 
3240;23518;11886;0;26541;7309 
3207;23520;11886;0;26544;7309 
3332;23520;11886;0;26545;7536 
3249;23522;11155;0;26547;7536 
3352;23524;11155;0;26549;7778 
3164;23524;11155;0;26551;7778 
3236;23526;10560;0;26552;7778 
3236;23528;10560;0;26554;8069 
3149;23529;10120;0;26556;8069 
3247;23530;10120;0;26557;8382 
3182;23532;10120;0;26559;8382 
3217;23533;9872;0;26560;8382 
3060;23535;9872;0;26562;8831 
3135;23536;9872;0;26564;8831 
3093;23537;9542;0;26565;9193 
3118;23539;9542;0;26567;9193 
3184;23540;9542;0;26568;9193 
3098;23542;9335;0;26569;9594 
3156;23544;9335;0;26571;9594 
3093;23545;9029;0;26572;9594 
3157;23547;9029;0;26574;10061 
3012;23548;9029;0;26575;10061 
3092;23550;8757;0;26576;10061 
3102;23552;8757;0;26577;10572 
3052;23553;8511;0;26579;10572 
2998;23555;8511;0;26580;10572 
2994;23557;8286;0;26581;11294 
3012;23559;8286;0;26583;11294 
3036;23560;8286;0;26584;11294 
2917;23562;8159;0;26585;11962 
2957;23564;8159;0;26586;11962 
2975;23565;7953;0;26587;11962 
3063;23568;7953;0;26588;11962 
2959;23569;7770;0;26589;12722 
3107;23571;7770;0;26590;12722 
3052;23573;7624;0;26592;12722 
2919;23575;7624;0;26592;12722 
2911;23576;7624;0;26593;13635 
2906;23579;7462;0;26594;13635 
2920;23580;7462;0;26596;13635 
2880;23583;7433;0;26596;13635 
2804;23584;7433;0;26597;14656 
2935;23586;7284;0;26598;14656 
2846;23588;7284;0;26599;14656 
2925;23590;7160;0;26600;14656 
2979;23592;7160;0;26600;14656 
2820;23594;7052;0;26601;16042 
2770;23596;7052;0;26602;16042 
2744;23598;6928;0;26603;16042 
2798;23600;6928;0;26604;16042 
2780;23603;6901;0;26604;16042 
2701;23604;6901;0;26605;17629 
2816;23607;6792;0;26606;17629 
2787;23608;6792;0;26607;17629 
2902;23611;6688;0;26608;17629 
2822;23613;6600;0;26608;17629 
2713;23615;6600;0;26609;19646 
2713;23617;6508;0;26609;19646 
2670;23620;6508;0;26610;19646 
2716;23621;6504;0;26611;19646 
2703;23624;6504;0;26612;19646 
2689;23626;6408;0;26612;19646 
2667;23628;6408;0;26612;19646 
2837;23631;6319;0;26613;22372 
2820;23632;6319;0;26614;22372 
2661;23635;6251;0;26614;22372 
2672;23637;6173;0;26615;22372 
2640;23640;6173;0;26616;22372 
2687;23642;6189;0;26616;22372 
2652;23644;6189;0;26616;22372 
2649;23647;6094;0;26617;25976 
2560;23648;6094;0;26617;25976 
2710;23651;6014;0;26618;25976 
2618;23653;5952;0;26618;25976 
2576;23656;5952;0;26619;25976 
2581;23658;5886;0;26620;25976 
2648;23660;5886;0;26620;25976 
2705;23663;5901;0;26620;25976 
2580;23665;5823;0;26620;25976 
2584;23668;5823;0;26621;32095 
2676;23670;5754;0;26621;32095 
2697;23673;5700;0;26621;32095 
2512;23676;5700;0;26622;32095 
2504;23678;5646;0;26622;32095 
2549;23680;5646;0;26623;32095 
2632;23683;5667;0;26623;32095 
2532;23685;5601;0;26623;32095 
2525;23688;5601;0;26624;32095 
2582;23691;5541;0;26624;32095 
2544;23693;5501;0;26624;32095 
2400;23696;5501;0;26624;32095 
2410;23698;5462;0;26624;32095 
2574;23700;5462;0;26624;32095 
2577;23704;5492;0;26625;46716 
2463;23706;5425;0;26625;46716 
2433;23708;5425;0;26625;46716 
2551;23711;5365;0;26625;46716 
2368;23714;5326;0;26626;46716 
2435;23716;5326;0;26626;46716 
2497;23719;5290;0;26626;46716 
2418;23722;5320;0;26626;46716 
2407;23724;5320;0;26627;46716 
2489;23727;5261;0;26627;46716 
2336;23730;5209;0;26627;46716 
2443;23732;5209;0;26627;46716 
2343;23736;5177;0;26627;46716 
2328;23738;5147;0;26627;46716 
2460;23740;5147;0;26627;46716 
2482;23744;5178;0;26627;46716 
2385;23746;5124;0;26627;46716 
2349;23749;5079;0;26627;46716 
2437;23752;5079;0;26627;46716 
2304;23755;5053;0;26627;46716 
2329;23757;5027;0;26627;46716 
2333;23760;5027;0;26627;46716 
2424;23763;5061;0;26627;46716 
2254;23765;5009;0;26627;46716 
2312;23768;5009;0;26627;46716 
2425;23772;4966;0;26627;46716 
2266;23774;4937;0;26627;46716 
2254;23777;4907;0;26627;46716 
2296;23780;4907;0;26627;46716 
2385;23783;4939;0;26627;46716 
2212;23785;4882;0;26627;46716 
2275;23788;4882;0;26627;46716 
2383;23792;4851;0;26627;46716 
2288;23794;4818;0;26627;46716 
2165;23797;4789;0;26627;65535 
2289;23800;4789;0;26627;65535 
2394;23803;4823;0;26627;65535 
2256;23806;4780;0;26627;65535 
2272;23809;4742;0;26627;65535 
2328;23812;4742;0;26627;65535 
2254;23815;4722;0;26627;65535 
2140;23818;4701;0;26627;65535 
2304;23821;4732;0;26627;65535 
2265;23824;4732;0;26627;65535 
2327;23827;4709;0;26627;65535 
2258;23830;4670;0;26627;65535 
2310;23833;4649;0;26627;65535 
2141;23836;4649;0;26627;65535 
2182;23839;4628;0;26627;65535 
2141;23842;4667;0;26627;65535 
2132;23845;4631;0;26627;65535 
2241;23848;4631;0;26627;65535 
2333;23851;4603;0;26627;65535 
2173;23854;4581;0;26627;65535 
2080;23857;4561;0;26627;65535 
2140;23860;4561;0;26627;65535 
2176;23864;4599;0;26627;65535 
2170;23867;4563;0;26627;65535 
2147;23869;4534;0;26627;65535 
2234;23872;4534;0;26627;65535 
2052;23876;4513;0;26627;65535 
2106;23879;4493;0;26627;65535 
2115;23882;4532;0;26627;65535 
2073;23885;4495;0;26627;65535 
2102;23888;4495;0;26627;65535 
2144;23892;4475;0;26627;65535 
2078;23895;4455;0;26627;65535 
2019;23898;4434;0;26627;65535 
2149;23901;4472;0;26627;65535 
2082;23904;4472;0;26627;65535 
2097;23908;4436;0;26627;65535 
2141;23911;4402;0;26627;65535 
2049;23914;4396;0;26627;65535 
2032;23917;4369;0;26627;65535 
2067;23920;4369;0;26627;65535 
2150;23924;4405;0;26627;65535 
2127;23927;4371;0;26627;65535 
2024;23930;4338;0;26627;65535 
2112;23933;4329;0;26627;65535 
2067;23936;4329;0;26627;65535 
2078;23940;4309;0;26627;65535 
2116;23943;4349;0;26627;65535 
2098;23946;4318;0;26627;65535 
2087;23949;4294;0;26627;65535 
2190;23952;4294;0;26627;65535 
2048;23956;4276;0;26627;65535 
2073;23959;4278;0;26627;65535 
2124;23963;4313;0;26627;65535 
2026;23966;4296;0;26627;65535 
2083;23969;4271;0;26627;65535 
2213;23972;4271;0;26627;65535 
2101;23976;4257;0;26627;65535 
2091;23979;4242;0;26627;65535 
2079;23982;4285;0;26627;65535 
1979;23985;4257;0;26627;65535 
2028;23989;4231;0;26627;65535 
2082;23992;4231;0;26627;65535 
2032;23996;4217;0;26627;65535 
1999;23999;4201;0;26627;65535 
1970;24002;4243;0;26627;65535 
2009;24005;4212;0;26627;65535 
2053;24009;4186;0;26627;65535 
2135;24012;4186;0;26627;65535 
1987;24016;4170;0;26627;65535 
2035;24019;4156;0;26627;65535 
2043;24022;4199;0;26627;65535 
2003;24026;4167;0;26627;65535 
2051;24029;4140;0;26627;65535 
2137;24032;4140;0;26627;65535 
1991;24036;4129;0;26627;65535 
2041;24040;4117;0;26627;65535 
2060;24043;4157;0;26627;65535 
1971;24046;4127;0;26627;65535 
1980;24049;4104;0;26627;65535 
2114;24053;4091;0;26627;65535 
1990;24056;4091;0;26627;65535 
1964;24060;4078;0;26627;65535 
2008;24064;4116;0;26627;65535 
2016;24067;4087;0;26627;65535 
1967;24070;4054;0;26627;65535 
1977;24073;4059;0;26627;65535 
1938;24077;4034;0;26627;65535 
2020;24080;4034;0;26627;65535 
1950;24084;4081;0;26627;65535 
2008;24088;4049;0;26627;65535 
2026;24091;4025;0;26627;65535 
1940;24095;4014;0;26627;65535 
1867;24098;4001;0;26627;65535 
1940;24101;4042;0;26627;65535 
1895;24105;4014;0;26627;65535 
1930;24108;4014;0;26627;65535 
2016;24112;3993;0;26627;65535 
1922;24116;3983;0;26627;65535 
1956;24119;3971;0;26627;65535 
1945;24123;4011;0;26627;65535 
1907;24126;3986;0;26627;65535 
1908;24129;3965;0;26627;65535 
1994;24133;3955;0;26627;65535 
1903;24136;3955;0;26627;65535 
1921;24140;3944;0;26627;65535 
1810;24144;3984;0;26627;65535 
1907;24148;3960;0;26627;65535 
1956;24151;3942;0;26627;65535 
1895;24155;3931;0;26627;65535 
1848;24158;3920;0;26627;65535 
1869;24162;3960;0;26627;65535 
1871;24165;3934;0;26627;65535 
1879;24169;3915;0;26627;65535 
1982;24172;3915;0;26627;65535 
1852;24176;3904;0;26627;65535 
1877;24180;3892;0;26627;65535 
1944;24184;3922;0;26627;65535 
1935;24187;3913;0;26627;65535 
1937;24191;3880;0;26627;65535 
1898;24194;3880;0;26627;65535 
1856;24198;3862;0;26627;65535 
1933;24201;3901;0;26627;65535 
1878;24205;3876;0;26627;65535 
1856;24208;3876;0;26627;65535 
1958;24212;3855;0;26627;65535 
1871;24216;3845;0;26627;65535 
1883;24220;3832;0;26627;65535 
1931;24224;3872;0;26627;65535 
1903;24227;3843;0;26627;65535 
1918;24231;3832;0;26627;65535 
1899;24234;3817;0;26627;65535 
1843;24238;3805;0;26627;65535 
1897;24241;3846;0;26627;65535 
1852;24245;3821;0;26627;65535 
1862;24249;3803;0;26627;65535 
1964;24252;3803;0;26627;65535 
1878;24256;3792;0;26627;65535 
1850;24260;3783;0;26627;65535 
1870;24264;3826;0;26627;65535 
1906;24268;3803;0;26627;65535 
1942;24271;3786;0;26627;65535 
1851;24275;3779;0;26627;65535 
1849;24279;3771;0;26627;65535 
1869;24282;3818;0;26627;65535 
1831;24286;3798;0;26627;65535 
1839;24289;3780;0;26627;65535 
1899;24293;3771;0;26627;65535 
1852;24297;3763;0;26627;65535 
1926;24301;3806;0;26627;65535 
1818;24304;3806;0;26627;65535 
1790;24308;3783;0;26627;65535 
1870;24312;3765;0;26627;65535 
1775;24316;3755;0;26627;65535 
1790;24320;3746;0;26627;65535 
1872;24324;3786;0;26627;65535 
1870;24327;3763;0;26627;65535 
1857;24331;3740;0;26627;65535 
1802;24335;3733;0;26627;65535 
1756;24338;3724;0;26627;65535 
1814;24342;3766;0;26627;65535 
1756;24346;3741;0;26627;65535 
1795;24349;3724;0;26627;65535 
1893;24353;3713;0;26627;65535 
1787;24357;3706;0;26627;65535 
1815;24361;3748;0;26627;65535 
1751;24364;3748;0;26627;65535 
1763;24368;3726;0;26627;65535 
1879;24372;3710;0;26627;65535 
1750;24376;3700;0;26627;65535 
1756;24380;3695;0;26627;65535 
1797;24384;3732;0;26627;65535 
1797;24388;3719;0;26627;65535 
1796;24391;3696;0;26627;65535 
1736;24395;3690;0;26627;65535 
1748;24399;3681;0;26627;65535 
1778;24403;3726;0;26627;65535 
1739;24406;3701;0;26627;65535 
1748;24410;3685;0;26627;65535 
1770;24414;3673;0;26627;65535 
1698;24418;3674;0;26627;65535 
1776;24421;3711;0;26627;65535 
1755;24425;3686;0;26627;65535 
1772;24429;3670;0;26627;65535 
1864;24433;3658;0;26627;65535 
1733;24437;3651;0;26627;65535 
1804;24440;3651;0;26627;65535 
1716;24444;3689;0;26627;65535 
1698;24448;3666;0;26627;65535 
1833;24452;3648;0;26627;65535 
1748;24456;3638;0;26627;65535 
1731;24460;3630;0;26627;65535 
1741;24464;3668;0;26627;65535 
1751;24468;3645;0;26627;65535 
1769;24472;3626;0;26627;65535 
1705;24476;3616;0;26627;65535 
1701;24480;3608;0;26627;65535 
1758;24483;3648;0;26627;65535 
1746;24487;3624;0;26627;65535 
1772;24491;3608;0;26627;65535 
1733;24495;3597;0;26627;65535 
1728;24499;3590;0;26627;65535 
1738;24503;3629;0;26627;65535 
1726;24507;3608;0;26627;65535 
1736;24511;3592;0;26627;65535 
1736;24514;3585;0;26627;65535 
1725;24518;3578;0;26627;65535 
1784;24522;3619;0;26627;65535 
1722;24526;3597;0;26627;65535 
1698;24530;3584;0;26627;65535 
1756;24534;3575;0;26627;65535 
1662;24538;3568;0;26627;65535 
1731;24542;3612;0;26627;65535 
1703;24545;3586;0;26627;65535 
1719;24549;3582;0;26627;65535 
1776;24553;3571;0;26627;65535 
1725;24557;3565;0;26627;65535 
1780;24561;3606;0;26627;65535 
1710;24565;3586;0;26627;65535 
1705;24569;3569;0;26627;65535 
1800;24573;3569;0;26627;65535 
1705;24577;3562;0;26627;65535 
1757;24581;3603;0;26627;65535 
1717;24585;3584;0;26627;65535 
1737;24589;3564;0;26627;65535 
1852;24592;3564;0;26627;65535 
1755;24596;3569;0;26627;65535 
1788;24600;3560;0;26627;65535 
1682;24604;3603;0;26627;65535 
1714;24608;3585;0;26627;65535 
1846;24612;3566;0;26627;65535 
1761;24616;3567;0;26627;65535 
1765;24620;3557;0;26627;65535 
1750;24624;3599;0;26627;65535 
1716;24628;3577;0;26627;65535 
1833;24632;3560;0;26627;65535 
1767;24636;3552;0;26627;65535 
1771;24640;3544;0;26627;65535 
1727;24644;3585;0;26627;65535 
1723;24648;3561;0;26627;65535 
1782;24652;3543;0;26627;65535 
1720;24656;3535;0;26627;65535 
1720;24660;3528;0;26627;65535 
1771;24664;3568;0;26627;65535 
1742;24668;3545;0;26627;65535 
1774;24672;3527;0;26627;65535 
1714;24676;3520;0;26627;65535 
1705;24680;3514;0;26627;65535 
1723;24684;3556;0;26627;65535 
1714;24688;3534;0;26627;65535 
1743;24692;3518;0;26627;65535 
1676;24696;3511;0;26627;65535 
1681;24700;3506;0;26627;65535 
1752;24704;3546;0;26627;65535 
1732;24708;3524;0;26627;65535 
1789;24712;3507;0;26627;65535 
1703;24716;3500;0;26627;65535 
1719;24720;3493;0;26627;65535 
1739;24724;3526;0;26627;65535 
1739;24728;3514;0;26627;65535 
1775;24732;3492;0;26627;65535 
1661;24736;3484;0;26627;65535 
1666;24740;3477;0;26627;65535 
1719;24744;3516;0;26627;65535 
1699;24748;3492;0;26627;65535 
1744;24752;3476;0;26627;65535 
1678;24756;3469;0;26627;65535 
1712;24760;3459;0;26627;65535 
1696;24764;3499;0;26627;65535 
1664;24768;3476;0;26627;65535 
1705;24772;3459;0;26627;65535 
1662;24776;3454;0;26627;65535 
1660;24780;3446;0;26627;65535 
1651;24784;3487;0;26627;65535 
1641;24788;3465;0;26627;65535 
1740;24792;3451;0;26627;65535 
1669;24796;3446;0;26627;65535 
1694;24800;3438;0;26627;65535 
1648;24804;3479;0;26627;65535 
1642;24808;3460;0;26627;65535 
1734;24812;3446;0;26627;65535 
1669;24816;3437;0;26627;65535 
1705;24821;3478;0;26627;65535 
1620;24825;3458;0;26627;65535 
1615;24829;3444;0;26627;65535 
1746;24833;3442;0;26627;65535 
1646;24837;3436;0;26627;65535 
1685;24841;3477;0;26627;65535 
1636;24845;3459;0;26627;65535 
1647;24849;3436;0;26627;65535 
1717;24853;3447;0;26627;65535 
1651;24857;3434;0;26627;65535 
1691;24861;3474;0;26627;65535 
1639;24865;3455;0;26627;65535 
1679;24870;3441;0;26627;65535 
1701;24874;3428;0;26627;65535 
1630;24878;3436;0;26627;65535 
1655;24882;3469;0;26627;65535 
1592;24886;3450;0;26627;65535 
1639;24890;3432;0;26627;65535 
1639;24894;3436;0;26627;65535 
1600;24898;3427;0;26627;65535 
1661;24902;3469;0;26627;65535 
1660;24907;3450;0;26627;65535 
1698;24911;3437;0;26627;65535 
1679;24915;3433;0;26627;65535 
1661;24919;3424;0;26627;65535 
1722;24923;3476;0;26627;65535 
1710;24927;3452;0;26627;65535 
1721;24931;3436;0;26627;65535 
1651;24935;3423;0;26627;65535 
1632;24939;3432;0;26627;65535 
1692;24943;3462;0;26627;65535 
1656;24948;3450;0;26627;65535 
1651;24952;3431;0;26627;65535 
1605;24956;3425;0;26627;65535 
1607;24960;3418;0;26627;65535 
1643;24964;3458;0;26627;65535 
1642;24968;3438;0;26627;65535 
1636;24972;3420;0;26627;65535 
1580;24976;3415;0;26627;65535 
1637;24980;3408;0;26627;65535 
1654;24984;3448;0;26627;65535 
1601;24988;3426;0;26627;65535 
1649;24992;3411;0;26627;65535 
1612;24996;3402;0;26627;65535 
1571;25000;3397;0;26627;65535 
1539;25004;3438;0;26627;65535 
1550;25009;3403;0;26627;65535 
1644;25013;3397;0;26627;65535 
1588;25017;3393;0;26627;65535 
1593;25021;3431;0;26627;65535 
1558;25025;3412;0;26627;65535 
1587;25029;3397;0;26627;65535 
1589;25033;3386;0;26627;65535 
1543;25038;3390;0;26627;65535 
1558;25042;3425;0;26627;65535 
1520;25046;3406;0;26627;65535 
1582;25050;3391;0;26627;65535 
1601;25054;3386;0;26627;65535 
1556;25059;3380;0;26627;65535 
1607;25063;3420;0;26627;65535 
1605;25067;3400;0;26627;65535 
1623;25071;3385;0;26627;65535 
1591;25075;3382;0;26627;65535 
1553;25079;3375;0;26627;65535 
1601;25084;3416;0;26627;65535 
1602;25088;3397;0;26627;65535 
1603;25092;3383;0;26627;65535 
1548;25096;3379;0;26627;65535 
1550;25100;3374;0;26627;65535 
1547;25104;3414;0;26627;65535 
1533;25108;3396;0;26627;65535 
1668;25112;3384;0;26627;65535 
1606;25116;3378;0;26627;65535 
1639;25120;3370;0;26627;65535 
1591;25124;3415;0;26627;65535 
1598;25129;3380;0;26627;65535 
1687;25133;3377;0;26627;65535 
1619;25137;3371;0;26627;65535 
1638;25141;3412;0;26627;65535 
1568;25145;3394;0;26627;65535 
1598;25149;3382;0;26627;65535 
1624;25154;3378;0;26627;65535 
1540;25158;3374;0;26627;65535 
1612;25162;3416;0;26627;65535 
1577;25166;3398;0;26627;65535 
1637;25170;3386;0;26627;65535 
1658;25175;3377;0;26627;65535 
1606;25179;3383;0;26627;65535 
1637;25183;3410;0;26627;65535 
1611;25187;3408;0;26627;65535 
1668;25191;3385;0;26627;65535 
1600;25195;3388;0;26627;65535 
1579;25200;3378;0;26627;65535 
1622;25204;3419;0;26627;65535 
1563;25208;3400;0;26627;65535 
1623;25212;3388;0;26627;65535 
1525;25216;3382;0;26627;65535 
1542;25220;3377;0;26627;65535 
1532;25224;3418;0;26627;65535 
1517;25228;3399;0;26627;65535 
1636;25232;3385;0;26627;65535 
1580;25236;3379;0;26627;65535 
1615;25240;3373;0;26627;65535 
1568;25245;3395;0;26627;65535 
1583;25249;3379;0;26627;65535 
1674;25253;3373;0;26627;65535 
1591;25257;3367;0;26627;65535 
1585;25261;3408;0;26627;65535 
1532;25265;3388;0;26627;65535 
1592;25270;3374;0;26627;65535 
1621;25274;3367;0;26627;65535 
1527;25278;3362;0;26627;65535 
1548;25282;3403;0;26627;65535 
1577;25287;3384;0;26627;65535 
1616;25291;3369;0;26627;65535 
1602;25295;3364;0;26627;65535 
1573;25299;3360;0;26627;65535 
1627;25303;3401;0;26627;65535 
1615;25308;3382;0;26627;65535 
1639;25312;3367;0;26627;65535 
1585;25316;3355;0;26627;65535 
1566;25320;3368;0;26627;65535 
1625;25324;3401;0;26627;65535 
1581;25328;3382;0;26627;65535 
1638;25332;3368;0;26627;65535 
1595;25336;3364;0;26627;65535 
1606;25340;3360;0;26627;65535 
1551;25344;3402;0;26627;65535 
1559;25349;3369;0;26627;65535 
1685;25353;3363;0;26627;65535 
1588;25357;3359;0;26627;65535 
1584;25361;3399;0;26627;65535 
1522;25365;3378;0;26627;65535 
1533;25369;3358;0;26627;65535 
1593;25374;3363;0;26627;65535 
1561;25378;3351;0;26627;65535 
1600;25382;3390;0;26627;65535 
1546;25387;3370;0;26627;65535 
1578;25391;3354;0;26627;65535 
1604;25395;3351;0;26627;65535 
1548;25399;3342;0;26627;65535 
1625;25403;3384;0;26627;65535 
1594;25408;3365;0;26627;65535 
1605;25412;3351;0;26627;65535 
1543;25416;3343;0;26627;65535 
1524;25420;3345;0;26627;65535 
1577;25424;3382;0;26627;65535 
1538;25428;3363;0;26627;65535 
1669;25432;3350;0;26627;65535 
1594;25436;3343;0;26627;65535 
1632;25440;3343;0;26627;65535 
1583;25445;3362;0;26627;65535 
1596;25449;3347;0;26627;65535 
1662;25453;3342;0;26627;65535 
1560;25457;3336;0;26627;65535 
1577;25462;3376;0;26627;65535 
1562;25466;3359;0;26627;65535 
1588;25470;3345;0;26627;65535 
1617;25474;3340;0;26627;65535 
1564;25479;3334;0;26627;65535 
1643;25483;3377;0;26627;65535 
1617;25487;3359;0;26627;65535 
1653;25491;3344;0;26627;65535 
1616;25496;3340;0;26627;65535 
1573;25500;3334;0;26627;65535 
1646;25504;3373;0;26627;65535 
1599;25508;3350;0;26627;65535 
1679;25512;3345;0;26627;65535 
1616;25516;3333;0;26627;65535 
1638;25520;3327;0;26627;65535 
1626;25524;3367;0;26627;65535 
1605;25529;3330;0;26627;65535 
1681;25533;3325;0;26627;65535 
1578;25537;3318;0;26627;65535 
1569;25541;3359;0;26627;65535 
1525;25546;3341;0;26627;65535 
1582;25550;3326;0;26627;65535 
1652;25554;3321;0;26627;65535 
1616;25559;3314;0;26627;65535 
1677;25563;3355;0;26627;65535 
1656;25567;3337;0;26627;65535 
1685;25571;3321;0;26627;65535 
1650;25576;3314;0;26627;65535 
1593;25580;3309;0;26627;65535 
1640;25584;3349;0;26627;65535 
1585;25588;3330;0;26627;65535 
1680;25592;3314;0;26627;65535 
1615;25596;3308;0;26627;65535 
1616;25600;3304;0;26627;65535 
1579;25605;3323;0;26627;65535 
1582;25609;3309;0;26627;65535 
1666;25613;3303;0;26627;65535 
1566;25617;3295;0;26627;65535 
1581;25622;3337;0;26627;65535 
1580;25626;3319;0;26627;65535 
1623;25631;3302;0;26627;65535 
1628;25635;3296;0;26627;65535 
1595;25639;3293;0;26627;65535 
1634;25643;3331;0;26627;65535 
1614;25648;3314;0;26627;65535 
1642;25652;3299;0;26627;65535 
1583;25656;3294;0;26627;65535 
1589;25660;3289;0;26627;65535 
1626;25664;3330;0;26627;65535 
1592;25668;3311;0;26627;65535 
1684;25673;3285;0;26627;65535 
1614;25677;3296;0;26627;65535 
1601;25681;3329;0;26627;65535 
1558;25685;3311;0;26627;65535 
1566;25690;3297;0;26627;65535 
1608;25694;3292;0;26627;65535 
1575;25699;3289;0;26627;65535 
1624;25703;3329;0;26627;65535 
1618;25707;3309;0;26627;65535 
1632;25711;3295;0;26627;65535 
1597;25716;3291;0;26627;65535 
1565;25720;3284;0;26627;65535 
1609;25724;3323;0;26627;65535 
1571;25728;3306;0;26627;65535 
1666;25732;3290;0;26627;65535 
1596;25736;3285;0;26627;65535 
1627;25741;3319;0;26627;65535 
1578;25745;3299;0;26627;65535 
1546;25749;3285;0;26627;65535 
1608;25754;3279;0;26627;65535 
1549;25758;3273;0;26627;65535 
1610;25762;3310;0;26627;65535 
1575;25767;3291;0;26627;65535 
1607;25771;3276;0;26627;65535 
1588;25776;3270;0;26627;65535 
1566;25780;3264;0;26627;65535 
1626;25784;3303;0;26627;65535 
1569;25788;3283;0;26627;65535 
1663;25792;3267;0;26627;65535 
1610;25796;3262;0;26627;65535 
1588;25801;3294;0;26627;65535 
1566;25805;3276;0;26627;65535 
1555;25809;3262;0;26627;65535 
1599;25814;3257;0;26627;65535 
1548;25818;3251;0;26627;65535 
1607;25823;3289;0;26627;65535 
1590;25827;3271;0;26627;65535 
1638;25831;3258;0;26627;65535 
1591;25836;3252;0;26627;65535 
1567;25840;3246;0;26627;65535 
1607;25844;3285;0;26627;65535 
1557;25848;3267;0;26627;65535 
1646;25852;3253;0;26627;65535 
1563;25857;3243;0;26627;65535 
1568;25861;3284;0;26627;65535 
1546;25865;3267;0;26627;65535 
1522;25870;3254;0;26627;65535 
1568;25874;3252;0;26627;65535 
1543;25879;3248;0;26627;65535 
1629;25883;3290;0;26627;65535 
1631;25887;3273;0;26627;65535 
1638;25892;3260;0;26627;65535 
1577;25896;3256;0;26627;65535 
1557;25900;3244;0;26627;65535 
1594;25904;3297;0;26627;65535 
1566;25908;3277;0;26627;65535 
1681;25913;3253;0;26627;65535 
1600;25917;3255;0;26627;65535 
1585;25921;3292;0;26627;65535 
1550;25926;3274;0;26627;65535 
1558;25930;3261;0;26627;65535 
1614;25934;3257;0;26627;65535 
1565;25939;3253;0;26627;65535 
1614;25943;3286;0;26627;65535 
1612;25948;3283;0;26627;65535 
1657;25952;3262;0;26627;65535 
1578;25956;3259;0;26627;65535 
1584;25960;3254;0;26627;65535 
1599;25964;3297;0;26627;65535 
1559;25968;3279;0;26627;65535 
1651;25973;3263;0;26627;65535 
1558;25977;3259;0;26627;65535 
1545;25981;3299;0;26627;65535 
1515;25986;3279;0;26627;65535 
1551;25990;3261;0;26627;65535 
1596;25995;3269;0;26627;65535 
1556;25999;3257;0;26627;65535 
1623;26003;3297;0;26627;65535 
1619;26008;3278;0;26627;65535 
1605;26012;3262;0;26627;65535 
1526;26016;3258;0;26627;65535 
1544;26020;3252;0;26627;65535 
1548;26024;3289;0;26627;65535 
1542;26029;3255;0;26627;65535 
1618;26033;3249;0;26627;65535 
1511;26037;3242;0;26627;65535 
1539;26042;3280;0;26627;65535 
1542;26046;3261;0;26627;65535 
1576;26051;3246;0;26627;65535 
1576;26055;3239;0;26627;65535 
1532;26059;3234;0;26627;65535 
1594;26064;3272;0;26627;65535 
1538;26068;3253;0;26627;65535 
1587;26072;3238;0;26627;65535 
1544;26076;3234;0;26627;65535 
1566;26080;3228;0;26627;65535 
1551;26085;3248;0;26627;65535 
1523;26089;3233;0;26627;65535 
1567;26094;3229;0;26627;65535 
1507;26098;3223;0;26627;65535 
1584;26103;3262;0;26627;65535 
1570;26107;3245;0;26627;65535 
1614;26111;3232;0;26627;65535 
1564;26116;3227;0;26627;65535 
1523;26120;3222;0;26627;65535 
1575;26124;3262;0;26627;65535 
1547;26128;3247;0;26627;65535 
1657;26132;3232;0;26627;65535 
1561;26137;3226;0;26627;65535 
1570;26141;3265;0;26627;65535 
1512;26146;3248;0;26627;65535 
1557;26150;3237;0;26627;65535 
1589;26155;3234;0;26627;65535 
1533;26159;3228;0;26627;65535 
1592;26163;3269;0;26627;65535 
1586;26168;3252;0;26627;65535 
1603;26172;3239;0;26627;65535 
1541;26176;3234;0;26627;65535 
1575;26180;3230;0;26627;65535 
1556;26184;3267;0;26627;65535 
1548;26189;3243;0;26627;65535 
1602;26193;3240;0;26627;65535 
1537;26198;3237;0;26627;65535 
1550;26202;3279;0;26627;65535 
1555;26207;3261;0;26627;65535 
1605;26211;3248;0;26627;65535 
1584;26215;3244;0;26627;65535 
1560;26220;3240;0;26627;65535 
1602;26224;3279;0;26627;65535 
1546;26228;3262;0;26627;65535 
1635;26232;3248;0;26627;65535 
1566;26236;3242;0;26627;65535 
1583;26241;3277;0;26627;65535 
1551;26245;3251;0;26627;65535 
1547;26249;3250;0;26627;65535 
1589;26254;3237;0;26627;65535 
1518;26258;3233;0;26627;65535 
1580;26263;3268;0;26627;65535 
1581;26267;3257;0;26627;65535 
1596;26272;3236;0;26627;65535 
1528;26276;3233;0;26627;65535 
1489;26280;3227;0;26627;65535 
1504;26284;3265;0;26627;65535 
1495;26288;3246;0;26627;65535 
1567;26293;3225;0;26627;65535 
1511;26297;3219;0;26627;65535 
1509;26301;3256;0;26627;65535 
1483;26306;3237;0;26627;65535 
1528;26310;3223;0;26627;65535 
1557;26315;3216;0;26627;65535 
1508;26319;3210;0;26627;65535 
1581;26324;3249;0;26627;65535 
1544;26328;3230;0;26627;65535 
1564;26332;3214;0;26627;65535 
1538;26336;3210;0;26627;65535 
1590;26340;3204;0;26627;65535 
1554;26345;3222;0;26627;65535 
1527;26349;3207;0;26627;65535 
1554;26354;3203;0;26627;65535 
1496;26358;3197;0;26627;65535 
1581;26363;3235;0;26627;65535 
1559;26367;3216;0;26627;65535 
1567;26372;3204;0;26627;65535 
1503;26376;3199;0;26627;65535 
1522;26380;3192;0;26627;65535 
1584;29360;3082;0;26627;65535 
0;0;0;0;23482;65535 
0;0;0;0;0;0 
0;0;0;0;0;0 
0;0;0;0;0;0 
0;0;0;0;0;0 
0;0;0;0;0;0 
0;0;0;0;0;0 
0;0;0;0;0;0 
0;0;0;0;0;0 
0;0;0;0;0;0 
0;0;0;0;0;0 
0;0;0;0;0;0 
0;0;0;0;0;0 
0;0;0;0;0;0 
0;0;0;0;0;0 
0;0;0;0;0;0 
0;0;0;0;0;0 
0;0;0;0;0;0 
0;0;0;0;0;0 
0;0;0;0;0;0 
0;0;0;0;0;0 
0;0;0;0;0;0 
0;0;0;0;0;0 
0;0;0;0;0;0 
0;0;0;0;0;0 
0;0;0;0;0;0 
0;0;0;0;0;0 
0;0;0;0;0;0 
0;0;0;0;0;0 
0;0;0;0;0;0 
0;0;0;0;0;0 
0;0;0;0;0;0 
0;0;0;0;0;0 
0;0;0;0;0;0 
0;0;0;0;0;0 
0;0;0;0;0;0 
0;0;0;0;0;0 
0;0;0;0;0;0 
0;0;0;0;0;0 
0;0;0;0;0;0 
0;0;0;0;0;0 
0;0;0;0;0;0 
0;0;0;0;0;0 
0;0;0;0;0;0 
0;0;0;0;0;0 
0;0;0;0;0;0 
0;0;0;0;0;0 
0;0;0;0;0;0 
0;0;0;0;0;0 
0;0;0;0;0;0 
0;0;0;0;0;0 
0;0;0;0;0;0 
0;0;0;0;0;0 
0;0;0;0;0;0 
0;0;0;0;0;0 
0;0;0;0;0;0 
0;0;0;0;0;0 
0;0;0;0;0;0 
0;0;0;0;0;0 
0;0;0;0;0;0 
0;0;0;0;0;0 
0;0;0;0;0;0 
0;0;0;0;0;0 
0;0;0;0;0;0 
0;0;0;0;0;0 
0;0;0;0;0;0 
0;0;0;0;0;0 
0;0;0;0;0;0 
0;0;0;0;0;0 
0;0;0;0;0;0 
0;0;0;0;0;0 
0;0;0;0;0;0 
0;0;0;0;0;0 
0;0;0;0;0;0 
0;0;0;0;0;0 
0;0;0;0;0;0 
0;0;0;0;0;0 
0;0;0;0;0;0 
0;0;0;0;0;0 
0;0;0;0;0;0 
0;0;0;0;0;0 
0;0;0;0;0;0 
0;0;0;0;0;0 
0;0;0;0;0;0 
0;0;0;0;0;0 
0;0;0;0;0;0 
0;0;0;0;0;0 
0;0;0;0;0;0 
0;0;0;0;0;0 
0;0;0;0;0;0 
0;0;0;0;0;0 
0;0;0;0;0;0 
0;0;0;0;0;0 
0;0;0;0;0;0 
0;0;0;0;0;0 
0;0;0;0;0;0 
0;0;0;0;0;0 
0;0;0;0;0;0 
0;0;0;0;0;0 
0;0;0;0;0;0 
0;0;0;0;0;0 
0;0;0;0;0;0 
0;0;0;0;0;0 
0;0;0;0;0;0 
0;0;0;0;0;0 
0;0;0;0;0;0 
0;0;0;0;0;0 
0;0;0;0;0;0 
0;0;0;0;0;0 
0;0;0;0;0;0 
0;0;0;0;0;0 
0;0;0;0;0;0 
0;0;0;0;0;0 
0;0;0;0;0;0 
0;0;0;0;0;0 
0;0;0;0;0;0 
0;0;0;0;0;0 
0;0;0;0;0;0 
0;0;0;0;0;0 
0;0;0;0;0;0 
0;0;0;0;0;0 
0;0;0;0;0;0 
0;0;0;0;0;0 
0;0;0;0;0;0 
0;0;0;0;0;0 
0;0;0;0;0;0 
0;0;0;0;0;0 
0;0;0;0;0;0 
0;0;0;0;0;0 
0;0;0;0;0;0 
0;0;0;0;0;0 
0;0;0;0;0;0 
0;0;0;0;0;0 
0;0;0;0;0;0 
0;0;0;0;0;0 
0;0;0;0;0;0 
0;0;0;0;0;0 
0;0;0;0;0;0 
0;0;0;0;0;0 
0;0;0;0;0;0 
0;0;0;0;0;0 
0;0;0;0;0;0 
0;0;0;0;0;0 
0;0;0;0;0;0 
0;0;0;0;0;0 
0;0;0;0;0;0 
0;0;0;0;0;0 
0;0;0;0;0;0 
0;0;0;0;0;0 
0;0;0;0;0;0 
0;0;0;0;0;0 
0;0;0;0;0;0 
0;0;0;0;0;0 
0;0;0;0;0;0 
0;0;0;0;0;0 
0;0;0;0;0;0 
0;0;0;0;0;0 
0;0;0;0;0;0 
0;0;0;0;0;0 
0;0;0;0;0;0 
0;0;0;0;0;0 
0;0;0;0;0;0 
0;0;0;0;0;0 
0;0;0;0;0;0 
0;0;0;0;0;0 
0;0;0;0;0;0 
0;0;0;0;0;0 
Tapez  1 pour afficher les mesures, 2 pour acquisition avant, 3 pour acquisition arriere: 
