Mesures en accel/decel 
Acc_I;Acc_Pos;Acc_Vit;Dec_I;Dec_Pos;Dec_Vit 
753;26564;65535;1124;23696;3364 
3479;26564;65535;247;23692;3378 
3940;26563;65535;22;23688;3416 
3974;26563;65535;0;23684;3487 
4027;26563;65535;0;23680;3469 
3886;26563;65535;0;23676;3571 
4013;26562;65535;0;23672;3631 
4049;26562;65535;0;23669;3681 
4095;26562;65535;0;23665;3764 
4095;26561;65535;0;23661;3753 
4067;26561;65535;0;23658;3869 
4095;26560;65535;0;23654;3941 
4095;26560;65535;0;23651;3941 
3820;26560;65535;0;23648;3998 
3710;26559;65535;0;23644;4094 
3872;26558;30470;0;23640;4088 
3799;26557;30470;0;23637;4225 
3535;26557;30470;0;23634;4313 
4067;26556;30470;0;23631;4313 
3774;26556;30470;0;23628;4386 
3606;26555;30470;0;23624;4502 
3807;26553;18982;0;23621;4505 
3654;26552;18982;0;23619;4505 
3771;26552;18982;0;23616;4668 
3549;26551;18982;0;23612;4776 
3843;26550;15185;0;23609;4870 
3438;26548;15185;0;23607;4870 
3589;26548;15185;0;23604;5013 
3424;26547;15185;0;23601;5033 
3441;26545;13480;0;23599;5033 
3264;26544;13480;0;23596;5232 
3444;26543;13480;0;23593;5369 
3533;26542;12349;0;23591;5369 
3591;26541;12349;0;23588;5506 
3712;26540;12349;0;23586;5712 
3361;26539;12349;0;23584;5712 
3438;26537;11825;0;23581;5781 
3641;26536;11825;0;23579;5781 
3256;26535;11825;0;23576;6054 
3445;26533;11284;0;23574;6246 
3397;26532;11284;0;23572;6246 
3287;26531;11284;0;23570;6445 
3501;26529;10804;0;23568;6445 
3279;26528;10804;0;23566;6739 
3268;26527;10804;0;23564;6739 
3234;26525;10538;0;23562;6878 
3160;26524;10538;0;23560;6878 
3186;26523;10538;0;23558;7252 
3437;26521;10108;0;23556;7252 
3638;26520;10108;0;23554;7542 
3215;26519;10108;0;23552;7542 
3242;26517;10124;0;23551;7542 
3437;26516;10124;0;23549;7861 
3197;26514;10059;0;23547;7861 
3363;26513;10059;0;23545;8318 
3346;26512;10059;0;23544;8318 
3363;26510;9888;0;23542;8591 
3179;26508;9888;0;23540;8591 
3243;26507;9888;0;23539;8591 
3312;26506;9804;0;23538;9159 
3117;26504;9804;0;23536;9159 
3226;26503;9804;0;23535;9159 
3367;26501;9494;0;23533;9634 
3536;26500;9494;0;23532;9634 
3182;26499;9494;0;23531;9634 
3072;26497;9484;0;23529;10155 
3203;26496;9484;0;23528;10155 
3147;26494;9284;0;23527;10155 
3161;26492;9284;0;23525;10865 
3060;26491;9284;0;23524;10865 
3128;26489;9010;0;23523;10865 
3141;26488;9010;0;23522;11362 
3038;26486;8756;0;23520;11362 
2881;26484;8756;0;23520;11362 
3050;26483;8756;0;23519;11362 
3184;26481;8339;0;23517;12336 
3134;26479;8339;0;23516;12336 
3084;26477;8282;0;23516;12336 
3154;26476;8282;0;23514;13242 
3054;26474;8087;0;23513;13242 
3029;26472;8087;0;23512;13242 
3017;26470;7907;0;23511;13242 
2936;26468;7907;0;23510;14288 
2908;26467;7907;0;23509;14288 
2847;26465;7792;0;23508;14288 
2913;26463;7792;0;23508;14288 
3091;26461;7493;0;23507;14288 
3107;26460;7493;0;23506;15754 
2905;26457;7532;0;23505;15754 
2963;26456;7532;0;23504;15754 
2984;26453;7404;0;23504;15754 
2997;26452;7404;0;23503;15754 
3038;26450;7293;0;23502;17268 
2970;26448;7293;0;23501;17268 
2939;26446;7210;0;23500;17268 
2766;26444;7210;0;23500;17268 
2861;26442;6975;0;23499;17268 
3060;26440;6975;0;23498;19919 
2942;26438;6985;0;23498;19919 
2913;26436;6985;0;23497;19919 
2870;26433;6904;0;23496;19919 
2897;26432;6904;0;23496;19919 
2952;26429;6802;0;23496;19919 
2859;26428;6802;0;23495;19919 
2834;26425;6728;0;23494;23153 
2777;26423;6728;0;23493;23153 
2886;26421;6498;0;23493;23153 
2866;26419;6498;0;23492;23153 
2603;26416;6494;0;23492;23153 
2684;26415;6494;0;23492;23153 
2786;26412;6480;0;23491;23153 
2848;26410;6363;0;23491;23153 
2805;26408;6363;0;23490;27828 
2775;26405;6315;0;23490;27828 
2675;26404;6315;0;23489;27828 
2736;26401;6117;0;23489;27828 
2746;26399;6117;0;23488;27828 
2592;26396;6171;0;23488;27828 
2634;26394;6117;0;23488;27828 
2732;26392;6117;0;23488;27828 
2780;26389;6059;0;23487;27828 
2679;26387;6059;0;23487;27828 
2604;26385;6023;0;23486;36529 
2570;26383;6023;0;23486;36529 
2834;26380;5854;0;23486;36529 
2679;26377;5895;0;23485;36529 
2576;26376;5895;0;23485;36529 
2579;26373;5840;0;23485;36529 
2569;26371;5840;0;23484;36529 
2576;26368;5831;0;23484;36529 
2621;26365;5758;0;23484;36529 
2442;26363;5758;0;23484;36529 
2570;26360;5652;0;23484;36529 
2614;26358;5671;0;23484;36529 
2589;26356;5671;0;23484;36529 
2554;26353;5640;0;23483;36529 
2518;26351;5640;0;23483;36529 
2501;26348;5585;0;23483;36529 
2521;26345;5565;0;23483;36529 
2410;26343;5565;0;23483;36529 
2622;26340;5415;0;23483;36529 
2598;26338;5434;0;23482;65535 
2427;26335;5434;0;23482;65535 
2419;26332;5458;0;23482;65535 
2532;26330;5388;0;23482;65535 
2484;26328;5388;0;23482;65535 
2325;26324;5376;0;23482;65535 
2385;26322;5238;0;23482;65535 
2509;26320;5238;0;23482;65535 
2300;26316;5288;0;23482;65535 
2405;26314;5271;0;23482;65535 
2431;26312;5271;0;23482;65535 
2454;26308;5233;0;23482;65535 
2443;26306;5206;0;23482;65535 
2312;26303;5206;0;23482;65535 
2405;26300;5095;0;23482;65535 
2431;26298;5180;0;23482;65535 
2340;26295;5180;0;23482;65535 
2417;26292;5110;0;23482;65535 
2446;26289;5131;0;23482;65535 
2303;26287;5131;0;23482;65535 
2272;26284;5103;0;23482;65535 
2318;26281;4983;0;23482;65535 
2374;26278;5035;0;23482;65535 
2363;26276;5035;0;23482;65535 
2353;26272;5024;0;23482;65535 
2400;26270;4995;0;23482;65535 
2291;26267;4995;0;23482;65535 
2212;26264;4995;0;23482;65535 
2272;26261;4886;0;23482;65535 
2322;26259;4886;0;23482;65535 
2343;26256;4935;0;23482;65535 
2351;26253;4924;0;23482;65535 
2388;26250;4898;0;23482;65535 
2281;26247;4898;0;23482;65535 
2189;26244;4906;0;23482;65535 
2289;26241;4794;0;23482;65535 
2301;26238;4824;0;23482;65535 
2233;26236;4824;0;23482;65535 
2251;26232;4853;0;23482;65535 
2350;26229;4808;0;23482;65535 
2193;26227;4808;0;23482;65535 
2208;26224;4814;0;23482;65535 
2244;26220;4704;0;23482;65535 
2339;26218;4749;0;23482;65535 
2144;26215;4749;0;23482;65535 
2286;26212;4738;0;23482;65535 
2235;26209;4701;0;23482;65535 
2249;26206;4729;0;23482;65535 
2162;26203;4729;0;23482;65535 
2339;26200;4616;0;23482;65535 
2141;26197;4641;0;23482;65535 
2143;26194;4683;0;23482;65535 
2126;26191;4683;0;23482;65535 
2252;26188;4639;0;23482;65535 
2145;26184;4654;0;23482;65535 
2222;26181;4556;0;23482;65535 
2238;26179;4556;0;23482;65535 
2215;26176;4608;0;23482;65535 
2125;26172;4604;0;23482;65535 
2209;26169;4586;0;23482;65535 
2128;26166;4604;0;23482;65535 
2112;26163;4604;0;23482;65535 
2320;26160;4505;0;23482;65535 
2112;26157;4556;0;23482;65535 
2149;26154;4550;0;23482;65535 
2125;26151;4550;0;23482;65535 
2174;26148;4529;0;23482;65535 
2050;26144;4541;0;23482;65535 
2138;26141;4423;0;23482;65535 
2147;26138;4495;0;23482;65535 
2084;26136;4495;0;23482;65535 
2143;26132;4496;0;23482;65535 
2133;26129;4473;0;23482;65535 
2137;26126;4482;0;23482;65535 
2041;26123;4482;0;23482;65535 
2220;26120;4384;0;23482;65535 
2150;26116;4433;0;23482;65535 
2140;26113;4406;0;23482;65535 
2208;26110;4432;0;23482;65535 
2086;26107;4432;0;23482;65535 
2029;26104;4419;0;23482;65535 
2212;26100;4321;0;23482;65535 
2009;26097;4374;0;23482;65535 
2091;26094;4372;0;23482;65535 
2099;26091;4372;0;23482;65535 
2104;26088;4349;0;23482;65535 
2038;26084;4359;0;23482;65535 
2112;26080;4240;0;23482;65535 
2074;26077;4335;0;23482;65535 
1990;26074;4308;0;23482;65535 
2055;26071;4308;0;23482;65535 
2061;26068;4288;0;23482;65535 
1991;26064;4300;0;23482;65535 
2122;26061;4205;0;23482;65535 
2093;26058;4239;0;23482;65535 
1970;26055;4239;0;23482;65535 
2055;26051;4271;0;23482;65535 
2041;26048;4221;0;23482;65535 
1973;26044;4262;0;23482;65535 
2056;26041;4155;0;23482;65535 
2056;26038;4205;0;23482;65535 
1962;26035;4205;0;23482;65535 
2039;26031;4205;0;23482;65535 
2042;26028;4187;0;23482;65535 
1930;26024;4198;0;23482;65535 
2068;26021;4109;0;23482;65535 
2043;26017;4146;0;23482;65535 
1984;26014;4174;0;23482;65535 
2015;26011;4174;0;23482;65535 
2025;26008;4144;0;23482;65535 
1943;26004;4157;0;23482;65535 
2082;26000;4067;0;23482;65535 
1984;25997;4119;0;23482;65535 
2020;25994;4115;0;23482;65535 
2072;25990;4096;0;23482;65535 
2042;25987;4096;0;23482;65535 
1993;25984;4130;0;23482;65535 
2202;25980;4030;0;23482;65535 
1965;25976;4081;0;23482;65535 
1989;25973;4082;0;23482;65535 
2090;25969;4057;0;23482;65535 
2026;25966;4096;0;23482;65535 
1949;25963;4096;0;23482;65535 
2084;25960;3996;0;23482;65535 
2045;25956;4059;0;23482;65535 
2024;25952;4033;0;23482;65535 
2019;25948;4067;0;23482;65535 
2004;25945;4059;0;23482;65535 
1980;25942;3963;0;23482;65535 
1945;25938;4044;0;23482;65535 
1875;25935;4044;0;23482;65535 
1962;25932;4033;0;23482;65535 
1967;25928;4011;0;23482;65535 
1803;25924;4055;0;23482;65535 
1950;25921;3962;0;23482;65535 
1925;25917;4014;0;23482;65535 
1933;25914;4015;0;23482;65535 
1987;25910;4005;0;23482;65535 
1951;25907;4005;0;23482;65535 
1904;25904;4021;0;23482;65535 
2096;25900;3939;0;23482;65535 
1984;25896;3987;0;23482;65535 
1959;25892;3967;0;23482;65535 
2015;25889;3996;0;23482;65535 
1969;25885;3994;0;23482;65535 
1938;25882;3898;0;23482;65535 
1930;25879;3898;0;23482;65535 
1865;25875;3971;0;23482;65535 
1982;25872;3960;0;23482;65535 
1989;25868;3950;0;23482;65535 
1848;25864;3966;0;23482;65535 
1964;25860;3886;0;23482;65535 
1872;25857;3934;0;23482;65535 
1927;25853;3938;0;23482;65535 
2014;25850;3927;0;23482;65535 
1907;25847;3927;0;23482;65535 
1846;25843;3936;0;23482;65535 
1961;25839;3872;0;23482;65535 
1931;25836;3913;0;23482;65535 
1957;25832;3901;0;23482;65535 
1937;25828;3921;0;23482;65535 
1845;25824;3921;0;23482;65535 
1881;25821;3838;0;23482;65535 
1889;25817;3887;0;23482;65535 
1893;25814;3889;0;23482;65535 
1917;25810;3878;0;23482;65535 
1876;25807;3878;0;23482;65535 
1814;25803;3894;0;23482;65535 
1964;25800;3812;0;23482;65535 
1966;25796;3861;0;23482;65535 
1973;25792;3861;0;23482;65535 
1957;25788;3855;0;23482;65535 
1830;25784;3867;0;23482;65535 
1884;25781;3767;0;23482;65535 
1874;25777;3859;0;23482;65535 
1885;25773;3833;0;23482;65535 
1956;25770;3839;0;23482;65535 
1856;25767;3839;0;23482;65535 
1773;25763;3848;0;23482;65535 
1869;25759;3768;0;23482;65535 
1847;25756;3817;0;23482;65535 
1892;25752;3810;0;23482;65535 
1871;25748;3823;0;23482;65535 
1748;25744;3827;0;23482;65535 
1882;25740;3739;0;23482;65535 
1781;25737;3796;0;23482;65535 
1837;25733;3796;0;23482;65535 
1942;25729;3796;0;23482;65535 
1885;25725;3797;0;23482;65535 
1824;25722;3749;0;23482;65535 
1800;25718;3776;0;23482;65535 
1734;25715;3776;0;23482;65535 
1765;25711;3764;0;23482;65535 
1736;25707;3787;0;23482;65535 
1728;25704;3787;0;23482;65535 
1909;25700;3709;0;23482;65535 
1848;25696;3761;0;23482;65535 
1801;25692;3765;0;23482;65535 
1817;25688;3757;0;23482;65535 
1739;25684;3773;0;23482;65535 
1831;25681;3695;0;23482;65535 
1769;25677;3733;0;23482;65535 
1828;25673;3766;0;23482;65535 
1890;25669;3726;0;23482;65535 
1806;25666;3775;0;23482;65535 
1775;25662;3684;0;23482;65535 
1815;25658;3731;0;23482;65535 
1712;25655;3731;0;23482;65535 
1788;25651;3746;0;23482;65535 
1747;25647;3731;0;23482;65535 
1690;25643;3748;0;23482;65535 
1857;25640;3660;0;23482;65535 
1831;25636;3737;0;23482;65535 
1812;25632;3730;0;23482;65535 
1810;25628;3720;0;23482;65535 
1682;25624;3737;0;23482;65535 
1816;25620;3658;0;23482;65535 
1692;25616;3696;0;23482;65535 
1765;25613;3735;0;23482;65535 
1815;25609;3707;0;23482;65535 
1764;25605;3724;0;23482;65535 
1814;25601;3649;0;23482;65535 
1828;25597;3698;0;23482;65535 
1751;25594;3702;0;23482;65535 
1796;25590;3692;0;23482;65535 
1748;25586;3708;0;23482;65535 
1705;25583;3708;0;23482;65535 
1747;25579;3632;0;23482;65535 
1685;25575;3681;0;23482;65535 
1666;25571;3683;0;23482;65535 
1688;25567;3674;0;23482;65535 
1642;25564;3668;0;23482;65535 
1787;25560;3641;0;23482;65535 
1676;25556;3652;0;23482;65535 
1741;25552;3682;0;23482;65535 
1737;25548;3660;0;23482;65535 
1634;25544;3676;0;23482;65535 
1854;25540;3601;0;23482;65535 
1682;25536;3650;0;23482;65535 
1666;25532;3655;0;23482;65535 
1724;25528;3648;0;23482;65535 
1680;25525;3668;0;23482;65535 
1768;25521;3592;0;23482;65535 
1716;25517;3633;0;23482;65535 
1748;25513;3656;0;23482;65535 
1820;25509;3637;0;23482;65535 
1773;25505;3662;0;23482;65535 
1767;25501;3584;0;23482;65535 
1762;25498;3636;0;23482;65535 
1749;25494;3642;0;23482;65535 
1798;25490;3637;0;23482;65535 
1723;25486;3656;0;23482;65535 
1723;25482;3584;0;23482;65535 
1737;25479;3584;0;23482;65535 
1683;25475;3635;0;23482;65535 
1715;25471;3632;0;23482;65535 
1709;25467;3646;0;23482;65535 
1713;25463;3647;0;23482;65535 
1762;25459;3590;0;23482;65535 
1698;25455;3633;0;23482;65535 
1736;25452;3640;0;23482;65535 
1725;25448;3622;0;23482;65535 
1712;25444;3662;0;23482;65535 
1882;25440;3576;0;23482;65535 
1772;25436;3626;0;23482;65535 
1769;25432;3622;0;23482;65535 
1762;25428;3630;0;23482;65535 
1669;25424;3638;0;23482;65535 
1866;25420;3564;0;23482;65535 
1737;25416;3612;0;23482;65535 
1713;25412;3615;0;23482;65535 
1717;25408;3606;0;23482;65535 
1635;25404;3611;0;23482;65535 
1758;25400;3560;0;23482;65535 
1652;25397;3596;0;23482;65535 
1704;25393;3600;0;23482;65535 
1749;25389;3591;0;23482;65535 
1693;25385;3607;0;23482;65535 
1729;25381;3525;0;23482;65535 
1674;25377;3592;0;23482;65535 
1692;25373;3588;0;23482;65535 
1774;25369;3579;0;23482;65535 
1752;25365;3598;0;23482;65535 
1730;25361;3524;0;23482;65535 
1690;25357;3574;0;23482;65535 
1664;25353;3579;0;23482;65535 
1746;25349;3571;0;23482;65535 
1695;25346;3591;0;23482;65535 
1664;25342;3519;0;23482;65535 
1683;25338;3570;0;23482;65535 
1628;25334;3573;0;23482;65535 
1766;25330;3571;0;23482;65535 
1705;25326;3586;0;23482;65535 
1687;25322;3513;0;23482;65535 
1607;25318;3566;0;23482;65535 
1573;25314;3570;0;23482;65535 
1659;25310;3562;0;23482;65535 
1633;25306;3582;0;23482;65535 
1583;25302;3511;0;23482;65535 
1623;25299;3511;0;23482;65535 
1570;25295;3560;0;23482;65535 
1589;25291;3544;0;23482;65535 
1623;25287;3579;0;23482;65535 
1572;25283;3575;0;23482;65535 
1624;25279;3503;0;23482;65535 
1528;25275;3529;0;23482;65535 
1609;25271;3578;0;23482;65535 
1610;25267;3545;0;23482;65535 
1604;25263;3563;0;23482;65535 
1634;25259;3491;0;23482;65535 
1505;25255;3537;0;23482;65535 
1578;25251;3540;0;23482;65535 
1585;25247;3522;0;23482;65535 
1538;25243;3559;0;23482;65535 
1591;25239;3478;0;23482;65535 
1479;25235;3526;0;23482;65535 
1527;25231;3523;0;23482;65535 
1559;25227;3529;0;23482;65535 
1595;25223;3543;0;23482;65535 
1609;25219;3470;0;23482;65535 
1520;25215;3519;0;23482;65535 
1545;25211;3522;0;23482;65535 
1573;25207;3521;0;23482;65535 
1593;25203;3538;0;23482;65535 
1660;25199;3468;0;23482;65535 
1554;25195;3515;0;23482;65535 
1597;25191;3522;0;23482;65535 
1583;25187;3515;0;23482;65535 
1542;25183;3537;0;23482;65535 
1608;25179;3457;0;23482;65535 
1528;25175;3526;0;23482;65535 
1549;25171;3526;0;23482;65535 
1571;25167;3521;0;23482;65535 
1567;25163;3543;0;23482;65535 
1616;25159;3466;0;23482;65535 
1553;25155;3531;0;23482;65535 
1600;25151;3533;0;23482;65535 
1598;25147;3526;0;23482;65535 
1578;25143;3549;0;23482;65535 
1641;25139;3478;0;23482;65535 
1575;25135;3528;0;23482;65535 
1615;25131;3531;0;23482;65535 
1612;25127;3537;0;23482;65535 
1601;25123;3551;0;23482;65535 
1688;25119;3479;0;23482;65535 
1604;25115;3520;0;23482;65535 
1623;25111;3544;0;23482;65535 
1630;25107;3529;0;23482;65535 
1593;25103;3549;0;23482;65535 
1646;25099;3464;0;23482;65535 
1555;25095;3537;0;23482;65535 
1620;25091;3533;0;23482;65535 
1614;25087;3519;0;23482;65535 
1592;25083;3551;0;23482;65535 
1653;25079;3471;0;23482;65535 
1554;25075;3521;0;23482;65535 
1614;25071;3528;0;23482;65535 
1634;25067;3512;0;23482;65535 
1613;25063;3543;0;23482;65535 
1673;25059;3450;0;23482;65535 
1601;25055;3527;0;23482;65535 
1619;25051;3519;0;23482;65535 
1602;25047;3509;0;23482;65535 
1594;25043;3529;0;23482;65535 
1643;25039;3456;0;23482;65535 
1596;25035;3505;0;23482;65535 
1605;25031;3511;0;23482;65535 
1642;25027;3502;0;23482;65535 
1546;25023;3512;0;23482;65535 
1657;25019;3457;0;23482;65535 
1560;25015;3497;0;23482;65535 
1583;25011;3503;0;23482;65535 
1577;25007;3494;0;23482;65535 
1552;25003;3512;0;23482;65535 
1614;24999;3442;0;23482;65535 
1557;24995;3471;0;23482;65535 
1598;24991;3496;0;23482;65535 
1577;24987;3497;0;23482;65535 
1573;24983;3497;0;23482;65535 
1591;24979;3446;0;23482;65535 
1540;24975;3481;0;23482;65535 
1579;24971;3487;0;23482;65535 
1598;24967;3472;0;23482;65535 
1570;24963;3497;0;23482;65535 
1629;24959;3433;0;23482;65535 
1544;24955;3460;0;23482;65535 
1603;24950;3471;0;23482;65535 
1592;24946;3491;0;23482;65535 
1618;24942;3421;0;23482;65535 
1634;24938;3467;0;23482;65535 
1580;24934;3473;0;23482;65535 
1691;24930;3459;0;23482;65535 
1660;24926;3490;0;23482;65535 
1623;24922;3403;0;23482;65535 
1607;24918;3472;0;23482;65535 
1571;24914;3469;0;23482;65535 
1654;24909;3449;0;23482;65535 
1630;24905;3497;0;23482;65535 
1642;24901;3397;0;23482;65535 
1616;24897;3482;0;23482;65535 
1613;24893;3472;0;23482;65535 
1679;24889;3465;0;23482;65535 
1614;24885;3467;0;23482;65535 
1670;24881;3439;0;23482;65535 
1606;24877;3454;0;23482;65535 
1650;24873;3488;0;23482;65535 
1683;24869;3468;0;23482;65535 
1640;24865;3491;0;23482;65535 
1654;24861;3420;0;23482;65535 
1579;24857;3470;0;23482;65535 
1630;24853;3478;0;23482;65535 
1623;24849;3462;0;23482;65535 
1597;24844;3496;0;23482;65535 
1654;24840;3431;0;23482;65535 
1547;24836;3462;0;23482;65535 
1587;24832;3491;0;23482;65535 
1620;24828;3474;0;23482;65535 
1536;24824;3494;0;23482;65535 
1653;24820;3425;0;23482;65535 
1589;24816;3473;0;23482;65535 
1634;24812;3482;0;23482;65535 
1600;24808;3473;0;23482;65535 
1537;24804;3493;0;23482;65535 
1650;24800;3423;0;23482;65535 
1582;24796;3471;0;23482;65535 
1588;24792;3464;0;23482;65535 
1597;24788;3484;0;23482;65535 
1564;24784;3490;0;23482;65535 
1689;24780;3416;0;23482;65535 
1603;24776;3470;0;23482;65535 
1628;24772;3474;0;23482;65535 
1674;24768;3446;0;23482;65535 
1547;24764;3496;0;23482;65535 
1716;24760;3397;0;23482;65535 
1565;24756;3477;0;23482;65535 
1588;24752;3468;0;23482;65535 
1612;24748;3445;0;23482;65535 
1553;24744;3484;0;23482;65535 
1612;24740;3403;0;23482;65535 
1558;24736;3449;0;23482;65535 
1575;24731;3451;0;23482;65535 
1554;24727;3451;0;23482;65535 
1557;24723;3465;0;23482;65535 
1592;24719;3396;0;23482;65535 
1567;24715;3442;0;23482;65535 
1591;24711;3429;0;23482;65535 
1568;24707;3461;0;23482;65535 
1549;24703;3460;0;23482;65535 
1537;24699;3391;0;23482;65535 
1529;24695;3441;0;23482;65535 
1611;24690;3456;0;23482;65535 
1580;24686;3460;0;23482;65535 
1574;24682;3374;0;23482;65535 
1623;24678;3457;0;23482;65535 
1605;24674;3436;0;23482;65535 
1674;24670;3449;0;23482;65535 
1663;24666;3444;0;23482;65535 
1617;24661;3397;0;23482;65535 
1582;24657;3445;0;23482;65535 
1493;24653;3445;0;23482;65535 
1597;24649;3439;0;23482;65535 
1527;24645;3458;0;23482;65535 
1565;24641;3396;0;23482;65535 
1539;24637;3443;0;23482;65535 
1547;24633;3449;0;23482;65535 
1591;24629;3441;0;23482;65535 
1503;24625;3454;0;23482;65535 
1563;24620;3397;0;23482;65535 
1514;24616;3446;0;23482;65535 
1520;24612;3447;0;23482;65535 
1584;24608;3441;0;23482;65535 
1471;24604;3452;0;23482;65535 
1662;24600;3397;0;23482;65535 
1653;24596;3444;0;23482;65535 
1641;24592;3446;0;23482;65535 
1651;24588;3439;0;23482;65535 
1563;24584;3457;0;23482;65535 
1738;24580;3391;0;23482;65535 
1661;24576;3437;0;23482;65535 
1613;24572;3444;0;23482;65535 
1611;24568;3415;0;23482;65535 
1562;24564;3477;0;23482;65535 
1661;24560;3387;0;23482;65535 
1583;24556;3426;0;23482;65535 
1589;24552;3452;0;23482;65535 
1554;24547;3435;0;23482;65535 
1552;24543;3455;0;23482;65535 
1622;24539;3386;0;23482;65535 
1509;24535;3435;0;23482;65535 
1576;24531;3443;0;23482;65535 
1569;24527;3435;0;23482;65535 
1577;24523;3455;0;23482;65535 
1608;24519;3374;0;23482;65535 
1546;24515;3446;0;23482;65535 
1613;24510;3434;0;23482;65535 
1586;24506;3453;0;23482;65535 
1597;24502;3384;0;23482;65535 
1626;24498;3422;0;23482;65535 
1584;24494;3445;0;23482;65535 
1662;24490;3430;0;23482;65535 
1599;24485;3448;0;23482;65535 
1620;24481;3363;0;23482;65535 
1551;24477;3441;0;23482;65535 
1554;24473;3432;0;23482;65535 
1603;24469;3417;0;23482;65535 
1571;24465;3448;0;23482;65535 
1616;24461;3372;0;23482;65535 
1568;24457;3419;0;23482;65535 
1527;24452;3424;0;23482;65535 
1591;24448;3414;0;23482;65535 
1529;24444;3434;0;23482;65535 
1653;24440;3364;0;23482;65535 
1595;24436;3399;0;23482;65535 
1567;24432;3426;0;23482;65535 
1587;24428;3405;0;23482;65535 
1516;24424;3425;0;23482;65535 
1703;24420;3356;0;23482;65535 
1612;24416;3402;0;23482;65535 
1593;24412;3407;0;23482;65535 
1584;24408;3399;0;23482;65535 
1548;24403;3417;0;23482;65535 
1601;24399;3333;0;23482;65535 
1514;24395;3396;0;23482;65535 
1522;24391;3423;0;23482;65535 
1557;24387;3398;0;23482;65535 
1556;24383;3418;0;23482;65535 
1621;24379;3348;0;23482;65535 
1556;24374;3397;0;23482;65535 
1638;24370;3419;0;23482;65535 
1602;24366;3422;0;23482;65535 
1595;24362;3349;0;23482;65535 
1632;24357;3396;0;23482;65535 
1561;24353;3428;0;23482;65535 
1636;24349;3407;0;23482;65535 
1586;24345;3427;0;23482;65535 
1626;24341;3360;0;23482;65535 
1591;24337;3409;0;23482;65535 
1557;24333;3416;0;23482;65535 
1587;24329;3410;0;23482;65535 
1508;24324;3417;0;23482;65535 
1591;24320;3378;0;23482;65535 
1548;24316;3412;0;23482;65535 
1565;24312;3400;0;23482;65535 
1586;24308;3431;0;23482;65535 
1497;24304;3432;0;23482;65535 
1634;24300;3364;0;23482;65535 
1555;24296;3411;0;23482;65535 
1515;24292;3416;0;23482;65535 
1560;24288;3409;0;23482;65535 
1539;24284;3413;0;23482;65535 
1654;24280;3377;0;23482;65535 
1571;24276;3407;0;23482;65535 
1536;24271;3406;0;23482;65535 
1512;24267;3397;0;23482;65535 
1512;24263;3438;0;23482;65535 
1542;24259;3355;0;23482;65535 
1458;24255;3397;0;23482;65535 
1522;24251;3397;0;23482;65535 
1530;24246;3424;0;23482;65535 
1538;24242;3342;0;23482;65535 
1587;24238;3397;0;23482;65535 
1532;24234;3428;0;23482;65535 
1604;24230;3401;0;23482;65535 
1564;24225;3422;0;23482;65535 
1588;24221;3335;0;23482;65535 
1578;24217;3397;0;23482;65535 
1566;24213;3425;0;23482;65535 
1620;24209;3398;0;23482;65535 
1517;24205;3417;0;23482;65535 
1582;24200;3347;0;23482;65535 
1530;24196;3396;0;23482;65535 
1595;24192;3397;0;23482;65535 
1602;24188;3397;0;23482;65535 
1519;24184;3396;0;23482;65535 
1713;24180;3367;0;23482;65535 
1674;24176;3391;0;23482;65535 
1672;24172;3398;0;23482;65535 
1644;24168;3389;0;23482;65535 
1574;24164;3408;0;23482;65535 
1655;24160;3328;0;23482;65535 
1561;24155;3396;0;23482;65535 
1571;24151;3392;0;23482;65535 
1542;24147;3384;0;23482;65535 
1515;24143;3402;0;23482;65535 
1597;24139;3335;0;23482;65535 
1515;24134;3397;0;23482;65535 
1613;24130;3383;0;23482;65535 
1555;24126;3399;0;23482;65535 
1561;24122;3331;0;23482;65535 
1617;24117;3373;0;23482;65535 
1563;24113;3391;0;23482;65535 
1608;24109;3379;0;23482;65535 
1558;24105;3398;0;23482;65535 
1565;24101;3319;0;23482;65535 
1545;24097;3390;0;23482;65535 
1555;24092;3387;0;23482;65535 
1574;24088;3378;0;23482;65535 
1483;24084;3399;0;23482;65535 
1604;24080;3330;0;23482;65535 
1595;24076;3382;0;23482;65535 
1602;24072;3389;0;23482;65535 
1571;24068;3382;0;23482;65535 
1492;24064;3402;0;23482;65535 
1572;24060;3328;0;23482;65535 
1544;24056;3391;0;23482;65535 
1518;24051;3393;0;23482;65535 
1547;24047;3385;0;23482;65535 
1524;24043;3406;0;23482;65535 
1572;24039;3337;0;23482;65535 
1503;24035;3368;0;23482;65535 
1575;24030;3395;0;23482;65535 
1550;24026;3398;0;23482;65535 
1558;24022;3341;0;23482;65535 
1587;24018;3383;0;23482;65535 
1552;24013;3367;0;23482;65535 
1597;24009;3396;0;23482;65535 
1571;24005;3397;0;23482;65535 
1587;24001;3345;0;23482;65535 
1569;23997;3380;0;23482;65535 
1567;23993;3365;0;23482;65535 
1584;23988;3397;0;23482;65535 
1519;23984;3396;0;23482;65535 
1637;23980;3333;0;23482;65535 
1637;23976;3361;0;23482;65535 
1510;23972;3396;0;23482;65535 
1543;23968;3372;0;23482;65535 
1512;23964;3393;0;23482;65535 
1638;23960;3325;0;23482;65535 
1532;23956;3369;0;23482;65535 
1488;23951;3374;0;23482;65535 
1491;23947;3348;0;23482;65535 
1479;23943;3397;0;23482;65535 
1521;23939;3324;0;23482;65535 
1454;23935;3364;0;23482;65535 
1502;23930;3361;0;23482;65535 
1503;23926;3365;0;23482;65535 
1510;23922;3330;0;23482;65535 
1545;23918;3359;0;23482;65535 
1486;23913;3367;0;23482;65535 
1565;23909;3360;0;23482;65535 
1511;23905;3368;0;23482;65535 
1533;23901;3326;0;23482;65535 
1497;23897;3361;0;23482;65535 
1510;23892;3369;0;23482;65535 
1524;23888;3363;0;23482;65535 
1473;23884;3364;0;23482;65535 
1641;23880;3337;0;23482;65535 
1591;23876;3357;0;23482;65535 
1548;23872;3379;0;23482;65535 
1514;23868;3366;0;23482;65535 
1451;23864;3388;0;23482;65535 
1546;23859;3321;0;23482;65535 
1472;23855;3370;0;23482;65535 
1493;23851;3379;0;23482;65535 
1485;23847;3374;0;23482;65535 
1474;23843;3394;0;23482;65535 
1501;23838;3369;0;23482;65535 
1449;23834;3389;0;23482;65535 
1564;23830;3378;0;23482;65535 
1519;23826;3397;0;23482;65535 
1545;23821;3323;0;23482;65535 
1547;23817;3385;0;23482;65535 
1516;23813;3387;0;23482;65535 
1595;23809;3379;0;23482;65535 
1514;23805;3399;0;23482;65535 
1566;23801;3332;0;23482;65535 
1487;23796;3378;0;23482;65535 
1501;23792;3386;0;23482;65535 
1536;23788;3379;0;23482;65535 
1524;23784;3399;0;23482;65535 
1671;23780;3330;0;23482;65535 
1547;23776;3378;0;23482;65535 
1551;23772;3384;0;23482;65535 
1536;23768;3377;0;23482;65535 
1507;23764;3396;0;23482;65535 
1577;23759;3330;0;23482;65535 
1563;23755;3376;0;23482;65535 
1572;23751;3383;0;23482;65535 
1503;23747;3363;0;23482;65535 
1484;23743;3396;0;23482;65535 
1560;23738;3359;0;23482;65535 
1506;23734;3395;0;23482;65535 
1587;23730;3370;0;23482;65535 
1533;23726;3391;0;23482;65535 
1505;23721;3323;0;23482;65535 
1595;23717;3369;0;23482;65535 
1546;23713;3375;0;23482;65535 
1535;23709;3354;0;23482;65535 
1471;23705;3396;0;23482;65535 
1500;23701;3321;0;23482;65535 
1609;29356;3084;0;23482;65535 
1584;29360;3082;0;23482;65535 
0;0;0;0;23482;65535 
0;0;0;0;0;0 
0;0;0;0;0;0 
0;0;0;0;0;0 
0;0;0;0;0;0 
0;0;0;0;0;0 
0;0;0;0;0;0 
0;0;0;0;0;0 
0;0;0;0;0;0 
0;0;0;0;0;0 
0;0;0;0;0;0 
0;0;0;0;0;0 
0;0;0;0;0;0 
0;0;0;0;0;0 
0;0;0;0;0;0 
0;0;0;0;0;0 
0;0;0;0;0;0 
0;0;0;0;0;0 
0;0;0;0;0;0 
0;0;0;0;0;0 
0;0;0;0;0;0 
0;0;0;0;0;0 
0;0;0;0;0;0 
0;0;0;0;0;0 
0;0;0;0;0;0 
0;0;0;0;0;0 
0;0;0;0;0;0 
0;0;0;0;0;0 
0;0;0;0;0;0 
0;0;0;0;0;0 
0;0;0;0;0;0 
0;0;0;0;0;0 
0;0;0;0;0;0 
0;0;0;0;0;0 
0;0;0;0;0;0 
0;0;0;0;0;0 
0;0;0;0;0;0 
0;0;0;0;0;0 
0;0;0;0;0;0 
0;0;0;0;0;0 
0;0;0;0;0;0 
0;0;0;0;0;0 
0;0;0;0;0;0 
0;0;0;0;0;0 
0;0;0;0;0;0 
0;0;0;0;0;0 
0;0;0;0;0;0 
0;0;0;0;0;0 
0;0;0;0;0;0 
0;0;0;0;0;0 
0;0;0;0;0;0 
0;0;0;0;0;0 
0;0;0;0;0;0 
0;0;0;0;0;0 
0;0;0;0;0;0 
0;0;0;0;0;0 
0;0;0;0;0;0 
0;0;0;0;0;0 
0;0;0;0;0;0 
0;0;0;0;0;0 
0;0;0;0;0;0 
0;0;0;0;0;0 
0;0;0;0;0;0 
0;0;0;0;0;0 
0;0;0;0;0;0 
0;0;0;0;0;0 
0;0;0;0;0;0 
0;0;0;0;0;0 
0;0;0;0;0;0 
0;0;0;0;0;0 
0;0;0;0;0;0 
0;0;0;0;0;0 
0;0;0;0;0;0 
0;0;0;0;0;0 
0;0;0;0;0;0 
0;0;0;0;0;0 
0;0;0;0;0;0 
0;0;0;0;0;0 
0;0;0;0;0;0 
0;0;0;0;0;0 
0;0;0;0;0;0 
0;0;0;0;0;0 
0;0;0;0;0;0 
0;0;0;0;0;0 
0;0;0;0;0;0 
0;0;0;0;0;0 
0;0;0;0;0;0 
0;0;0;0;0;0 
0;0;0;0;0;0 
0;0;0;0;0;0 
0;0;0;0;0;0 
0;0;0;0;0;0 
0;0;0;0;0;0 
0;0;0;0;0;0 
0;0;0;0;0;0 
0;0;0;0;0;0 
0;0;0;0;0;0 
0;0;0;0;0;0 
0;0;0;0;0;0 
0;0;0;0;0;0 
0;0;0;0;0;0 
0;0;0;0;0;0 
0;0;0;0;0;0 
0;0;0;0;0;0 
0;0;0;0;0;0 
0;0;0;0;0;0 
0;0;0;0;0;0 
0;0;0;0;0;0 
0;0;0;0;0;0 
0;0;0;0;0;0 
0;0;0;0;0;0 
0;0;0;0;0;0 
0;0;0;0;0;0 
0;0;0;0;0;0 
0;0;0;0;0;0 
0;0;0;0;0;0 
0;0;0;0;0;0 
0;0;0;0;0;0 
0;0;0;0;0;0 
0;0;0;0;0;0 
0;0;0;0;0;0 
0;0;0;0;0;0 
0;0;0;0;0;0 
0;0;0;0;0;0 
0;0;0;0;0;0 
0;0;0;0;0;0 
0;0;0;0;0;0 
0;0;0;0;0;0 
0;0;0;0;0;0 
0;0;0;0;0;0 
0;0;0;0;0;0 
0;0;0;0;0;0 
0;0;0;0;0;0 
0;0;0;0;0;0 
0;0;0;0;0;0 
0;0;0;0;0;0 
0;0;0;0;0;0 
0;0;0;0;0;0 
0;0;0;0;0;0 
0;0;0;0;0;0 
0;0;0;0;0;0 
0;0;0;0;0;0 
0;0;0;0;0;0 
0;0;0;0;0;0 
0;0;0;0;0;0 
0;0;0;0;0;0 
0;0;0;0;0;0 
0;0;0;0;0;0 
0;0;0;0;0;0 
0;0;0;0;0;0 
0;0;0;0;0;0 
0;0;0;0;0;0 
0;0;0;0;0;0 
0;0;0;0;0;0 
0;0;0;0;0;0 
0;0;0;0;0;0 
0;0;0;0;0;0 
0;0;0;0;0;0 
0;0;0;0;0;0 
0;0;0;0;0;0 
0;0;0;0;0;0 
0;0;0;0;0;0 
0;0;0;0;0;0 
0;0;0;0;0;0 
0;0;0;0;0;0 
0;0;0;0;0;0 
0;0;0;0;0;0 
Tapez  1 pour afficher les mesures, 2 pour acquisition avant, 3 pour acquisition arriere: 
