Acquisition ... fait 
Tapez  1 pour afficher les mesures, 2 pour acquisition avant, 3 pour acquisition arriere: 
Mesures en acceleration 
Courant;Position;Vitesse 
0;0;65535 
0;0;65535 
0;0;65535 
3291;0;65535 
3219;0;65535 
3187;0;65535 
3184;0;65535 
2975;1;65535 
2883;1;65535 
2697;1;65535 
2891;1;65535 
2908;1;65535 
2908;1;65535 
2908;2;55931 
2908;2;55931 
2908;3;55931 
3102;3;55931 
2842;4;55931 
2559;5;55931 
2410;5;55931 
2701;5;55931 
2456;6;999 
2333;7;999 
2758;7;999 
2703;8;999 
2703;9;999 
2703;9;999 
2703;10;715 
2514;11;715 
2640;12;715 
2518;13;715 
2633;13;715 
2605;14;607 
2605;15;607 
2648;16;607 
2510;17;607 
2532;18;539 
1882;19;539 
2822;20;539 
2475;21;539 
2623;21;539 
2238;22;522 
2654;23;522 
2341;24;522 
2341;25;522 
2341;26;522 
2341;27;522 
2341;28;522 
2232;29;522 
2525;30;509 
2146;31;509 
2733;32;509 
2302;33;509 
2502;33;509 
2162;34;510 
2696;36;510 
2326;37;510 
2326;37;510 
2326;38;492 
2326;40;492 
2326;41;492 
2683;41;492 
2318;42;484 
2837;43;484 
2401;45;484 
2517;45;484 
2092;46;475 
2232;48;475 
2287;49;475 
2562;49;475 
2562;51;460 
2562;52;460 
2590;53;460 
2185;54;454 
1873;55;454 
2585;56;454 
2651;57;454 
2651;58;432 
2651;60;432 
1965;61;432 
2542;61;432 
1830;63;419 
2132;64;419 
2486;65;419 
1987;66;404 
2315;68;404 
1996;69;404 
2161;70;388 
2161;72;388 
2161;73;388 
2161;74;383 
2161;75;383 
2161;77;383 
2383;78;372 
2184;79;372 
2162;81;372 
2523;82;366 
2269;83;366 
1876;85;366 
2165;86;360 
2291;87;360 
2076;89;360 
2076;90;350 
2076;91;350 
2076;93;350 
2307;94;349 
2561;95;349 
2200;97;349 
2180;98;341 
2515;100;341 
2061;101;341 
1778;102;336 
2101;104;336 
2156;105;336 
1985;107;333 
1985;109;333 
2506;110;322 
2218;111;322 
1823;113;322 
1631;114;323 
2442;116;323 
2442;117;323 
2442;119;315 
2442;121;315 
1885;122;313 
2385;124;313 
1913;125;313 
1801;127;311 
1906;129;311 
1980;130;303 
1919;131;303 
1936;133;303 
1679;134;304 
1679;136;304 
1679;138;298 
1679;139;298 
1679;141;298 
1679;142;296 
1751;145;296 
1864;146;294 
1842;148;294 
1816;149;294 
1303;151;287 
1482;153;287 
1635;154;291 
2093;156;291 
77;157;291 
77;159;288 
77;161;288 
2028;162;292 
1851;164;292 
2108;165;292 
1889;167;292 
1943;169;292 
1588;171;285 
1588;173;285 
1507;174;286 
1846;176;286 
1273;177;286 
1943;179;280 
1943;181;280 
1895;183;281 
1506;185;281 
1613;186;279 
1817;188;279 
1817;189;279 
1817;192;272 
1817;193;272 
1817;195;274 
1871;197;274 
1667;198;270 
1976;201;270 
1859;202;271 
2019;204;271 
1565;205;271 
1680;207;269 
1828;209;269 
1370;211;263 
1370;213;263 
1370;215;267 
1370;217;267 
1370;218;263 
1370;220;263 
1873;222;262 
1939;224;262 
1698;225;262 
1764;228;263 
1870;229;263 
1751;231;257 
1721;233;257 
1426;235;259 
1754;237;259 
1754;239;257 
1754;241;257 
1928;242;256 
1459;245;256 
1627;246;256 
1912;248;256 
1833;250;251 
1833;252;251 
1833;253;251 
1983;256;254 
1768;257;254 
2064;260;250 
1658;261;250 
2209;263;252 
1582;265;252 
1777;267;252 
1508;269;252 
1165;271;248 
1165;273;248 
1165;275;251 
1165;277;251 
1165;279;248 
1703;281;248 
1670;282;248 
1677;285;248 
1580;286;247 
1661;289;247 
1636;290;244 
1484;293;244 
1685;294;246 
1854;297;246 
1854;298;243 
1854;301;243 
1854;302;243 
1854;304;243 
1854;306;242 
1702;308;242 
1856;310;239 
1614;312;239 
1943;314;241 
1833;316;241 
1799;318;239 
1880;320;239 
1702;322;238 
1440;324;238 
1440;326;239 
1841;329;239 
1630;330;235 
1611;333;235 
1689;334;238 
1915;337;238 
274;338;234 
274;341;234 
274;342;235 
1521;345;235 
1409;346;234 
1458;349;234 
1457;351;230 
1322;353;230 
1307;355;234 
1650;357;234 
1536;359;230 
1350;361;230 
1350;363;232 
1350;365;232 
1350;367;233 
1350;369;233 
1772;372;229 
1874;373;229 
1878;376;232 
1836;377;232 
1920;380;230 
1524;382;231 
1642;384;231 
1548;386;231 
1514;388;231 
1514;390;228 
1514;393;228 
1514;394;232 
2427;397;232 
1418;398;230 
1616;401;230 
1459;403;230 
1487;405;230 
262;407;231 
867;409;231 
782;411;229 
1457;413;229 
1025;415;232 
1768;417;232 
2067;419;230 
1412;421;230 
1698;424;231 
1690;425;231 
1709;428;231 
1709;430;228 
1709;432;228 
1709;434;229 
1709;436;229 
1568;438;227 
1737;441;227 
1623;442;228 
1499;445;228 
1278;447;228 
1254;449;228 
1248;451;223 
1529;453;223 
1356;455;228 
1356;457;228 
1356;460;223 
1356;461;223 
1356;464;226 
2063;466;225 
1671;468;225 
1732;470;221 
1607;473;221 
293;474;225 
1605;477;225 
1231;479;221 
1103;481;221 
1510;483;224 
1697;485;224 
2096;487;223 
1594;489;223 
1561;492;220 
1536;494;223 
1913;496;223 
229;498;220 
229;501;220 
229;502;221 
229;505;221 
1507;507;221 
1464;509;221 
1680;511;217 
1803;513;217 
1647;516;220 
1464;518;218 
1650;520;218 
1280;522;218 
1315;525;218 
1315;527;219 
1315;529;219 
1315;531;215 
1315;533;215 
1666;536;219 
1685;537;219 
1840;540;217 
1560;542;217 
1373;545;217 
1200;546;217 
1005;549;217 
1199;551;214 
1836;553;214 
1836;556;217 
1836;557;217 
1836;560;215 
1865;562;215 
1161;565;215 
1479;566;216 
1288;569;216 
1475;571;212 
1475;573;212 
1392;576;216 
1667;578;212 
1716;580;212 
1393;582;214 
1399;585;214 
1094;587;214 
1177;589;214 
1430;591;211 
1554;593;211 
1705;596;214 
1705;598;211 
1705;601;211 
1705;602;213 
1705;605;213 
1551;607;214 
1778;609;214 
1736;612;210 
1340;614;213 
1513;616;213 
1357;618;212 
1292;621;212 
1102;623;212 
1494;625;212 
1494;628;214 
1494;629;214 
1494;632;210 
1494;634;215 
1629;637;215 
1293;639;212 
1575;641;212 
1672;643;213 
1872;645;213 
1348;648;214 
1565;650;211 
1460;653;211 
1205;654;215 
1205;657;215 
1205;659;212 
1988;661;212 
1542;664;213 
1493;665;213 
1579;668;213 
1641;670;210 
1641;673;210 
1641;675;213 
1653;677;213 
1784;679;211 
1636;681;211 
1718;684;213 
1458;686;214 
1202;689;214 
1143;691;210 
1357;693;210 
1483;695;213 
1483;697;213 
1483;700;212 
1483;702;213 
1483;704;213 
1483;706;213 
1309;709;213 
1373;711;210 
1733;713;210 
1879;716;214 
1564;717;214 
1673;720;212 
1490;722;212 
1437;725;212 
1315;727;214 
1315;729;214 
1315;731;210 
1315;733;210 
2329;736;214 
1675;738;211 
1604;741;211 
1534;742;212 
1472;745;212 
1672;747;213 
1628;749;213 
1722;752;209 
1515;754;211 
1791;757;211 
1791;759;209 
2124;761;209 
1559;763;210 
1508;765;210 
1329;768;210 
7;770;206 
7;773;206 
7;775;210 
7;777;210 
1827;779;207 
1656;781;207 
1586;784;208 
1359;786;208 
1367;789;208 
1302;791;205 
1550;793;205 
1657;796;208 
1550;798;206 
1550;800;206 
1550;802;208 
1550;805;208 
1550;807;208 
1550;809;208 
1632;812;205 
1517;814;207 
1675;817;207 
1349;819;206 
1235;821;206 
1673;823;207 
1517;825;207 
1374;828;206 
1421;830;203 
1421;833;203 
1421;835;207 
2265;837;207 
1702;840;203 
1398;842;205 
1388;845;205 
1330;847;204 
1587;849;204 
1587;852;202 
1550;854;204 
1662;857;204 
1290;859;202 
1424;861;202 
1424;863;203 
1835;865;203 
1273;868;204 
1243;870;199 
1229;873;199 
1229;875;203 
1229;877;203 
1229;880;200 
1229;882;202 
1264;885;202 
1656;887;203 
1659;889;203 
1623;892;199 
1406;894;202 
1380;897;202 
1333;899;200 
1417;901;200 
1616;904;202 
1616;906;202 
1616;909;202 
1616;911;199 
1616;913;199 
1616;916;202 
1329;918;201 
1487;921;201 
1189;923;202 
1637;925;202 
1345;928;203 
1468;930;199 
1146;933;199 
1066;935;204 
1578;937;204 
1578;940;202 
1578;942;203 
1115;945;203 
829;946;204 
1384;949;204 
1502;951;201 
1659;953;201 
1659;956;205 
1659;958;203 
1365;961;203 
1582;963;205 
1628;965;205 
1365;968;204 
1930;970;201 
1155;973;201 
1140;975;204 
1517;977;204 
1634;980;203 
1634;982;203 
1634;985;203 
1634;987;202 
1634;989;202 
1469;992;201 
1502;994;203 
1720;997;203 
1338;999;202 
1496;1001;202 
1492;1003;202 
1385;1005;202 
1184;1008;203 
1219;1010;200 
1219;1013;200 
1219;1015;204 
1219;1017;204 
1219;1020;202 
1729;1022;203 
1253;1025;203 
1702;1027;203 
1659;1029;203 
1666;1032;200 
1438;1034;204 
1523;1037;204 
1257;1039;202 
1386;1041;202 
1733;1044;203 
1733;1046;203 
1551;1049;203 
1078;1051;200 
1515;1053;200 
1442;1056;203 
1735;1058;201 
276;1061;201 
276;1062;201 
276;1065;201 
1354;1068;202 
1467;1070;198 
1385;1073;198 
1285;1075;202 
1371;1077;202 
1557;1080;199 
1241;1082;200 
1033;1085;200 
1190;1087;200 
1190;1089;200 
1190;1092;198 
1190;1094;201 
1190;1097;201 
1050;1099;199 
1317;1101;199 
1730;1104;199 
1650;1106;200 
1329;1109;200 
1078;1111;198 
1545;1113;198 
1370;1116;200 
1443;1118;198 
1443;1121;198 
1443;1123;199 
1443;1125;199 
2131;1128;200 
1462;1130;196 
1326;1133;196 
1231;1135;199 
1722;1137;199 
257;1140;198 
1130;1142;199 
1179;1145;199 
1095;1147;199 
1572;1149;199 
1627;1152;196 
1888;1154;199 
1310;1157;199 
1310;1159;197 
1353;1161;197 
1659;1164;198 
1467;1166;198 
1467;1169;198 
1467;1171;195 
1467;1173;195 
1658;1176;199 
1070;1178;196 
1409;1181;196 
1638;1184;197 
1205;1186;197 
1083;1189;197 
770;1191;194 
1235;1193;194 
951;1196;198 
951;1198;195 
951;1201;195 
951;1203;198 
951;1205;198 
1028;1208;199 
1412;1210;196 
1115;1213;196 
1273;1215;200 
1688;1217;200 
1604;1220;198 
1234;1222;200 
1160;1225;200 
1454;1227;200 
1454;1229;200 
1454;1232;198 
2104;1234;200 
1413;1237;200 
1230;1239;199 
1481;1241;199 
1582;1244;201 
1451;1246;200 
1451;1249;200 
1339;1251;198 
1599;1253;198 
1611;1256;201 
1205;1258;199 
1314;1261;199 
1342;1263;200 
1420;1265;200 
1231;1268;201 
1353;1270;197 
1299;1273;197 
1299;1275;201 
1299;1277;201 
1299;1280;199 
1299;1282;200 
1197;1285;200 
1375;1287;201 
1704;1289;201 
1584;1292;198 
1036;1294;200 
1300;1297;200 
1475;1299;199 
1356;1301;199 
1454;1304;199 
1454;1306;199 
1454;1309;199 
1454;1311;197 
1454;1313;197 
1686;1316;199 
1161;1318;197 
1454;1321;197 
1726;1323;199 
1624;1325;199 
1122;1328;199 
1026;1331;197 
1245;1333;197 
1717;1336;200 
1717;1338;198 
1717;1341;198 
1739;1342;200 
1204;1345;200 
1181;1348;200 
1438;1350;198 
1349;1353;198 
1349;1355;201 
1349;1357;201 
1625;1360;199 
1519;1362;200 
1227;1365;200 
1351;1367;201 
1072;1369;201 
1258;1372;198 
1322;1374;201 
1427;1377;201 
1171;1379;199 
1171;1381;199 
1171;1384;200 
1171;1386;200 
1171;1389;200 
1171;1391;197 
1572;1393;197 
1396;1396;200 
1566;1398;198 
1541;1401;198 
824;1403;199 
1439;1405;199 
1201;1408;200 
1351;1410;196 
1162;1413;196 
1162;1415;200 
1162;1417;200 
1162;1420;198 
1909;1422;199 
1303;1425;199 
1439;1427;199 
1477;1429;199 
1722;1432;196 
1534;1434;200 
1441;1437;200 
1302;1439;198 
1498;1441;198 
1567;1444;199 
1567;1446;199 
1640;1449;199 
1315;1451;197 
1443;1453;197 
1090;1456;199 
1282;1458;198 
1282;1461;198 
1282;1463;200 
1282;1465;200 
1230;1468;199 
1174;1470;198 
1082;1473;198 
1462;1475;200 
1603;1477;200 
1454;1480;199 
1203;1482;200 
1167;1485;200 
1393;1487;200 
1393;1489;200 
1393;1492;198 
1393;1494;200 
1393;1497;200 
1393;1499;199 
1580;1501;199 
1434;1504;199 
1290;1506;199 
1240;1509;199 
1226;1511;197 
1451;1514;199 
1500;1516;199 
1156;1519;197 
1281;1521;197 
1281;1524;200 
1281;1526;198 
1978;1529;198 
973;1531;197 
1667;1533;197 
1574;1536;199 
1512;1538;198 
1495;1541;198 
1495;1543;199 
1463;1545;199 
1327;1548;199 
1512;1550;195 
1251;1553;195 
1581;1555;200 
1555;1557;200 
1561;1560;197 
1165;1562;199 
1085;1565;199 
1085;1567;199 
1085;1569;199 
1085;1572;195 
1085;1574;200 
1347;1577;200 
1559;1579;197 
1485;1581;197 
1535;1584;199 
1406;1586;199 
992;1589;199 
1305;1591;197 
1579;1593;197 
1609;1596;200 
1609;1598;198 
1609;1601;198 
1609;1603;199 
1609;1605;199 
1609;1608;200 
1246;1610;198 
1539;1613;198 
1732;1615;200 
1528;1617;200 
1508;1620;199 
1068;1622;199 
1231;1625;199 
1291;1627;200 
1526;1630;197 
1526;1633;197 
1526;1635;200 
1580;1637;200 
1481;1640;198 
1585;1642;199 
1211;1645;199 
1254;1647;200 
1254;1649;200 
1254;1652;197 
1473;1654;201 
1592;1657;201 
1054;1659;199 
1256;1661;199 
1860;1664;200 
1266;1666;201 
1097;1669;201 
926;1671;199 
1193;1673;199 
1193;1676;202 
1193;1678;201 
1193;1681;201 
1193;1682;202 
1182;1685;202 
1293;1687;203 
489;1689;203 
1399;1692;202 
1176;1694;205 
1363;1697;205 
732;1699;203 
1345;1701;203 
0;0;0 
0;0;0 
0;0;0 
0;0;0 
0;0;0 
0;0;0 
0;0;0 
0;0;0 
0;0;0 
0;0;0 
0;0;0 
0;0;0 
0;0;0 
0;0;0 
0;0;0 
0;0;0 
0;0;0 
0;0;0 
0;0;0 
0;0;0 
0;0;0 
0;0;0 
0;0;0 
0;0;0 
0;0;0 
0;0;0 
0;0;0 
0;0;0 
0;0;0 
0;0;0 
0;0;0 
0;0;0 
0;0;0 
0;0;0 
0;0;0 
0;0;0 
0;0;0 
0;0;0 
0;0;0 
0;0;0 
0;0;0 
0;0;0 
0;0;0 
0;0;0 
0;0;0 
0;0;0 
0;0;0 
0;0;0 
0;0;0 
0;0;0 
0;0;0 
0;0;0 
0;0;0 
0;0;0 
0;0;0 
0;0;0 
0;0;0 
0;0;0 
0;0;0 
0;0;0 
0;0;0 
0;0;0 
0;0;0 
0;0;0 
0;0;0 
0;0;0 
0;0;0 
0;0;0 
0;0;0 
0;0;0 
0;0;0 
0;0;0 
0;0;0 
0;0;0 
0;0;0 
0;0;0 
0;0;0 
0;0;0 
0;0;0 
0;0;0 
0;0;0 
0;0;0 
0;0;0 
0;0;0 
0;0;0 
0;0;0 
0;0;0 
0;0;0 
0;0;0 
0;0;0 
0;0;0 
0;0;0 
0;0;0 
0;0;0 
0;0;0 
0;0;0 
0;0;0 
0;0;0 
0;0;0 
0;0;0 
0;0;0 
0;0;0 
0;0;0 
0;0;0 
0;0;0 
0;0;0 
0;0;0 
0;0;0 
0;0;0 
0;0;0 
0;0;0 
0;0;0 
0;0;0 
0;0;0 
0;0;0 
0;0;0 
0;0;0 
0;0;0 
0;0;0 
0;0;0 
0;0;0 
0;0;0 
0;0;0 
0;0;0 
0;0;0 
0;0;0 
0;0;0 
0;0;0 
0;0;0 
0;0;0 
0;0;0 
0;0;0 
0;0;0 
0;0;0 
0;0;0 
0;0;0 
0;0;0 
0;0;0 
0;0;0 
0;0;0 
0;0;0 
0;0;0 
0;0;0 
0;0;0 
0;0;0 
0;0;0 
0;0;0 
0;0;0 
0;0;0 
0;0;0 
0;0;0 
0;0;0 
0;0;0 
0;0;0 
0;0;0 
0;0;0 
0;0;0 
0;0;0 
0;0;0 
0;0;0 
0;0;0 
0;0;0 
0;0;0 
0;0;0 
0;0;0 
0;0;0 
0;0;0 
0;0;0 
0;0;0 
0;0;0 
 
 
Mesures en deceleration 
Courant;Position;Vitesse 
0;1704;205 
0;1706;207 
0;1709;207 
0;1710;209 
0;1713;209 
0;1715;218 
0;1717;218 
0;1719;222 
0;1721;222 
0;1723;230 
0;1725;230 
0;1727;238 
0;1729;238 
0;1731;240 
0;1733;240 
0;1735;252 
0;1737;252 
0;1739;257 
0;1741;257 
0;1742;268 
0;1744;268 
0;1746;277 
0;1748;277 
0;1749;277 
0;1751;283 
0;1753;283 
0;1754;297 
0;1756;297 
0;1757;297 
0;1759;304 
0;1761;304 
0;1761;304 
0;1763;319 
0;1765;319 
0;1766;333 
0;1768;333 
0;1769;333 
0;1770;342 
0;1772;342 
0;1773;342 
0;1774;364 
0;1776;364 
0;1777;364 
0;1778;378 
0;1779;378 
0;1781;378 
0;1781;378 
0;1783;401 
0;1784;401 
0;1785;401 
0;1786;427 
0;1787;427 
0;1788;427 
0;1789;427 
0;1790;449 
0;1791;449 
0;1793;449 
0;1793;449 
0;1794;488 
0;1795;488 
0;1796;488 
0;1797;488 
0;1798;522 
0;1799;522 
0;1800;522 
0;1801;522 
0;1801;522 
0;1802;575 
0;1803;575 
0;1804;575 
0;1805;575 
0;1805;575 
0;1805;575 
0;1806;638 
0;1807;638 
0;1808;638 
0;1809;638 
0;1809;638 
0;1810;700 
0;1810;700 
0;1811;700 
0;1812;700 
0;1813;700 
0;1813;700 
0;1813;700 
0;1814;803 
0;1814;803 
0;1815;803 
0;1816;803 
0;1816;803 
0;1817;803 
0;1817;803 
0;1817;803 
0;1818;910 
0;1819;910 
0;1819;910 
0;1820;910 
0;1820;910 
0;1821;910 
0;1821;910 
0;1821;910 
0;1821;910 
0;1822;1098 
0;1822;1098 
0;1823;1098 
0;1823;1098 
0;1824;1098 
0;1824;1098 
0;1824;1098 
0;1825;1098 
0;1825;1098 
0;1825;1098 
0;1825;1098 
0;1826;1395 
0;1826;1395 
0;1826;1395 
0;1827;1395 
0;1827;1395 
0;1827;1395 
0;1827;1395 
0;1828;1395 
0;1828;1395 
0;1828;1395 
0;1829;1395 
0;1829;1395 
0;1829;1395 
0;1829;1395 
0;1829;1395 
0;1829;1395 
0;1829;1395 
0;1829;1395 
0;1830;2070 
0;1830;2070 
0;1830;2070 
0;1830;2070 
0;1830;2070 
0;1830;2070 
0;1830;2070 
0;1831;2070 
0;1831;2070 
0;1831;2070 
0;1831;2070 
0;1831;2070 
0;1831;2070 
0;1831;2070 
0;1831;2070 
0;1831;2070 
0;1831;2070 
0;1831;2070 
0;1831;2070 
0;1832;2070 
0;1832;2070 
0;1832;2070 
0;1832;2070 
0;1832;2070 
0;1832;2070 
0;1832;2070 
0;1832;2070 
0;1832;2070 
0;1832;2070 
0;1832;2070 
0;1832;2070 
0;1832;2070 
0;1832;2070 
0;1832;2070 
0;1832;2070 
0;1832;2070 
0;1832;2070 
0;1832;2070 
0;1832;2070 
0;1832;2070 
0;1832;2070 
0;1832;2070 
0;1832;2070 
0;1832;2070 
0;1832;2070 
0;1832;2070 
0;1832;2070 
0;1832;2070 
0;1832;2070 
0;1832;2070 
0;1832;2070 
0;1832;2070 
0;1832;2070 
0;1832;2070 
0;1832;2070 
0;1832;2070 
0;1832;2070 
0;1832;2070 
0;1832;2070 
0;1832;2070 
0;1832;2070 
0;1832;2070 
0;1832;2070 
0;1832;2070 
0;1832;2070 
0;1832;2070 
0;1832;2070 
0;1832;2070 
0;1832;2070 
0;1832;2070 
0;1832;2070 
0;1832;2070 
0;1832;2070 
0;1832;2070 
0;1832;2070 
0;1832;2070 
0;1832;2070 
0;1832;2070 
0;1832;2070 
0;1832;2070 
0;1832;2070 
0;1832;2070 
0;1832;2070 
0;1832;2070 
0;1832;2070 
0;1832;2070 
0;1832;2070 
0;1832;2070 
0;1832;2070 
0;1832;2070 
0;1832;2070 
0;1832;2070 
0;1832;2070 
0;1832;2070 
0;1832;2070 
0;1832;2070 
0;1832;2070 
0;1832;2070 
0;1832;2070 
0;1832;2070 
0;1832;2070 
0;1832;2070 
0;1832;2070 
0;1832;2070 
0;1832;2070 
0;1832;2070 
0;1832;2070 
0;1832;2070 
0;1832;2070 
0;1832;2070 
0;1832;2070 
0;1832;2070 
0;1832;2070 
0;1832;2070 
0;1832;2070 
0;1832;2070 
0;1832;2070 
0;1832;2070 
0;1832;2070 
0;1832;2070 
0;1832;2070 
0;1832;2070 
0;1832;2070 
0;1832;2070 
0;1832;2070 
0;1832;2070 
0;1832;2070 
0;1832;2070 
0;1832;2070 
0;1832;2070 
0;1832;2070 
0;1832;2070 
0;1832;2070 
0;1832;2070 
0;1832;2070 
0;1832;2070 
0;1832;2070 
0;1832;2070 
0;1832;2070 
0;1832;2070 
0;1832;2070 
0;1832;2070 
0;1832;2070 
0;1832;2070 
0;1832;2070 
0;1832;2070 
0;1832;2070 
0;1832;2070 
0;1832;2070 
0;1832;2070 
0;1832;2070 
0;1832;2070 
0;1832;2070 
0;1832;2070 
0;1832;2070 
0;1832;2070 
0;1832;2070 
0;1832;2070 
0;1832;2070 
0;1832;2070 
0;1832;2070 
0;1832;2070 
0;1832;2070 
0;1832;2070 
0;1832;2070 
0;1832;2070 
0;1832;2070 
0;1832;2070 
0;1832;2070 
0;1832;2070 
0;1832;2070 
0;1832;2070 
0;1832;2070 
0;1832;2070 
0;1832;2070 
0;1832;2070 
0;1832;2070 
0;1832;2070 
0;1832;2070 
0;1832;2070 
0;1832;2070 
0;1832;2070 
0;1832;2070 
0;1832;2070 
0;1832;2070 
0;1832;2070 
0;1832;2070 
0;1832;2070 
0;1832;2070 
0;1832;2070 
0;1832;2070 
0;1832;2070 
0;1832;2070 
0;1832;2070 
0;1832;2070 
0;1832;2070 
0;1832;2070 
0;1832;2070 
0;1832;2070 
0;1832;2070 
0;1832;2070 
0;1832;2070 
0;1832;2070 
0;1832;2070 
0;1832;2070 
0;1832;2070 
0;1832;2070 
0;1832;2070 
0;1832;2070 
0;1832;2070 
0;1832;2070 
0;1832;2070 
0;1832;2070 
0;1832;2070 
0;1832;2070 
0;1832;2070 
0;1832;2070 
0;1832;2070 
0;1832;2070 
0;1832;2070 
0;1832;2070 
0;1832;2070 
0;1832;2070 
0;1832;2070 
0;1832;2070 
0;1832;2070 
0;1832;2070 
0;1832;2070 
0;1832;2070 
0;1832;2070 
0;1832;2070 
0;1832;2070 
0;1832;2070 
0;1832;2070 
0;1832;2070 
0;1832;2070 
0;1832;2070 
0;1832;2070 
0;1832;2070 
0;1832;2070 
0;1832;2070 
0;1832;2070 
0;1832;2070 
0;1832;2070 
0;1832;2070 
0;1832;2070 
0;1832;2070 
0;1832;2070 
0;1832;2070 
0;1832;2070 
0;1832;2070 
0;1832;2070 
0;1832;2070 
0;1832;2070 
0;1832;2070 
0;1832;2070 
0;1832;2070 
0;1832;2070 
0;1832;2070 
0;1832;2070 
0;1832;2070 
0;1832;2070 
0;1832;2070 
0;1832;2070 
0;1832;2070 
0;1832;2070 
0;1832;2070 
0;1832;2070 
0;1832;2070 
0;1832;2070 
0;1832;2070 
0;1832;2070 
0;1832;2070 
0;1832;2070 
0;1832;2070 
0;1832;2070 
0;1832;2070 
0;1832;2070 
0;1832;2070 
0;1832;2070 
0;1832;2070 
0;1832;2070 
0;1832;2070 
0;1832;2070 
0;1832;2070 
0;1832;2070 
0;1832;2070 
0;1832;2070 
0;1832;2070 
0;1832;2070 
0;1832;2070 
0;1832;2070 
0;1832;2070 
0;1832;2070 
0;1832;2070 
0;1832;2070 
0;1832;2070 
0;1832;2070 
0;1832;2070 
0;1832;2070 
0;1832;2070 
0;1832;2070 
0;1832;2070 
0;1832;2070 
0;1832;2070 
0;1832;2070 
0;1832;2070 
0;1832;2070 
0;1832;2070 
0;1832;2070 
0;1832;2070 
0;1832;2070 
0;1832;2070 
0;1832;2070 
0;1832;2070 
0;1832;2070 
0;1832;2070 
0;1832;2070 
0;1832;2070 
0;1832;2070 
0;1832;2070 
0;1832;2070 
0;1832;2070 
0;1832;2070 
0;1832;2070 
0;1832;2070 
0;1832;2070 
0;1832;2070 
0;1832;2070 
0;1832;2070 
0;1832;2070 
0;1832;2070 
0;1832;2070 
0;1832;2070 
0;1832;2070 
0;1832;2070 
0;1832;2070 
0;1832;2070 
0;1832;2070 
0;1832;2070 
0;1832;2070 
0;1832;2070 
0;1832;2070 
0;1832;2070 
0;1832;2070 
0;1832;2070 
0;1832;2070 
0;1832;2070 
0;1832;2070 
0;1832;2070 
0;1832;2070 
0;1832;2070 
0;1832;2070 
0;1832;2070 
0;1832;2070 
0;1832;2070 
0;1832;2070 
0;1832;2070 
0;1832;2070 
0;1832;2070 
0;1832;2070 
0;1832;2070 
0;1832;2070 
0;1832;2070 
0;1832;2070 
0;1832;2070 
0;1832;2070 
0;1832;2070 
0;1832;2070 
0;1832;2070 
0;1832;2070 
0;1832;2070 
0;1832;2070 
0;1832;2070 
0;1832;2070 
0;1832;2070 
0;1832;2070 
0;1832;2070 
0;1832;2070 
0;1832;2070 
0;1832;2070 
0;1832;2070 
0;1832;2070 
0;1832;2070 
0;1832;2070 
0;1832;2070 
0;1832;2070 
0;1832;2070 
0;1832;2070 
0;1832;2070 
0;1832;2070 
0;1832;2070 
0;1832;2070 
0;1832;2070 
0;1832;2070 
0;1832;2070 
0;1832;2070 
0;1832;2070 
0;1832;2070 
0;1832;2070 
0;1832;2070 
0;1832;2070 
0;1832;2070 
0;1832;2070 
0;1832;2070 
0;1832;2070 
0;1832;2070 
0;1832;2070 
0;1832;2070 
0;1832;2070 
0;1832;2070 
0;1832;2070 
0;1832;2070 
0;1832;2070 
0;1832;2070 
0;1832;2070 
0;1832;2070 
0;1832;2070 
0;1832;2070 
0;1832;2070 
0;1832;2070 
0;1832;2070 
0;1832;2070 
0;1832;2070 
0;1832;2070 
0;1832;2070 
0;1832;2070 
0;1832;2070 
0;1832;2070 
0;1832;2070 
0;1832;2070 
0;1832;2070 
0;1832;2070 
0;1832;2070 
0;1832;2070 
0;1832;2070 
0;1832;2070 
0;1832;2070 
0;1832;2070 
0;1832;2070 
0;1832;2070 
0;1832;2070 
0;1832;2070 
0;1832;2070 
0;1832;2070 
0;1832;2070 
0;1832;2070 
0;1832;2070 
0;1832;2070 
0;1832;2070 
0;1832;2070 
0;1832;2070 
0;1832;2070 
0;1832;2070 
0;1832;2070 
0;1832;2070 
0;1832;2070 
0;1832;2070 
0;1832;2070 
0;1832;2070 
0;1832;2070 
0;1832;2070 
0;1832;2070 
0;1832;2070 
0;1832;2070 
0;1832;2070 
0;1832;2070 
0;1832;2070 
0;1832;2070 
0;1832;2070 
0;1832;2070 
0;1832;2070 
0;1832;2070 
0;1832;2070 
0;1832;2070 
0;1832;2070 
0;1832;2070 
0;1832;2070 
0;1832;2070 
0;1832;2070 
0;1832;2070 
0;1832;2070 
0;1832;2070 
0;1832;2070 
0;1832;2070 
0;1832;2070 
0;1832;2070 
0;1832;2070 
0;1832;2070 
0;1832;2070 
0;1832;2070 
0;1832;2070 
0;1832;2070 
0;1832;2070 
0;1832;2070 
0;1832;2070 
0;1832;2070 
0;1832;2070 
0;1832;2070 
0;1832;2070 
0;1832;2070 
0;1832;2070 
0;1832;2070 
0;1832;2070 
0;1832;2070 
0;1832;2070 
0;1832;2070 
0;1832;2070 
0;1832;2070 
0;1832;2070 
0;1832;2070 
0;1832;2070 
0;1832;2070 
0;1832;2070 
0;1832;2070 
0;1832;2070 
0;1832;2070 
0;1832;2070 
0;1832;2070 
0;1832;2070 
0;1832;2070 
0;1832;2070 
0;1832;2070 
0;1832;2070 
0;1832;2070 
0;1832;2070 
0;1832;2070 
0;1832;2070 
0;1832;2070 
0;1832;2070 
0;1832;2070 
0;1832;2070 
0;1832;2070 
0;1832;2070 
0;1832;2070 
0;1832;2070 
0;1832;2070 
0;1832;2070 
0;1832;2070 
0;1832;2070 
0;1832;2070 
0;1832;2070 
0;1832;2070 
0;1832;2070 
0;1832;2070 
0;1832;2070 
0;1832;2070 
0;1832;2070 
0;1832;2070 
0;1832;2070 
0;1832;2070 
0;1832;2070 
0;1832;2070 
0;1832;2070 
0;1832;2070 
0;1832;2070 
0;1832;2070 
0;1832;2070 
0;1832;2070 
0;1832;2070 
0;1832;2070 
0;1832;2070 
0;1832;2070 
0;1832;2070 
0;1832;2070 
0;1832;2070 
0;1832;2070 
0;1832;2070 
0;1832;2070 
0;1832;2070 
0;1832;2070 
0;1832;2070 
0;1832;2070 
0;1832;2070 
0;1832;2070 
0;1832;2070 
0;1832;2070 
0;1832;2070 
0;1832;2070 
0;1832;2070 
0;1832;2070 
0;1832;2070 
0;1832;2070 
0;1832;2070 
0;1832;2070 
0;1832;2070 
0;1832;2070 
0;1832;2070 
0;1832;2070 
0;1832;2070 
0;1832;2070 
0;1832;2070 
0;1832;2070 
0;1832;2070 
0;1832;2070 
0;1832;2070 
0;1832;2070 
0;1832;2070 
0;1832;2070 
0;1832;2070 
0;1832;2070 
0;1832;2070 
0;1832;2070 
0;1832;2070 
0;1832;2070 
0;1832;2070 
0;1832;2070 
0;1832;2070 
0;1832;2070 
0;1832;2070 
0;1832;2070 
0;1832;2070 
0;1832;2070 
0;1832;2070 
0;1832;2070 
0;1832;2070 
0;1832;2070 
0;1832;2070 
0;1832;2070 
0;1832;2070 
0;1832;2070 
0;1832;2070 
0;1832;2070 
0;1832;2070 
0;1832;2070 
0;1832;2070 
0;1832;2070 
0;1832;2070 
0;1832;2070 
0;1832;2070 
0;1832;2070 
0;1832;2070 
0;1832;2070 
0;1832;2070 
0;1832;2070 
0;1832;2070 
0;1832;2070 
0;1832;2070 
0;1832;2070 
0;1832;2070 
0;1832;2070 
0;1832;2070 
0;1832;2070 
0;1832;2070 
0;1832;2070 
0;1832;2070 
0;1832;2070 
0;1832;2070 
0;1832;2070 
0;1832;2070 
0;1832;2070 
0;1832;2070 
0;1832;2070 
0;1832;2070 
0;1832;2070 
0;1832;2070 
0;1832;2070 
0;1832;2070 
0;1832;2070 
0;1832;2070 
0;1832;2070 
0;1832;2070 
0;1832;2070 
0;1832;2070 
0;1832;2070 
0;1832;2070 
0;1832;2070 
0;1832;2070 
0;1832;2070 
0;1832;2070 
0;1832;2070 
0;1832;2070 
0;1832;2070 
0;1832;2070 
0;1832;2070 
0;1832;2070 
0;1832;2070 
0;1832;2070 
0;1832;2070 
0;1832;2070 
0;1832;2070 
0;1832;2070 
0;1832;2070 
0;1832;2070 
0;1832;2070 
0;1832;2070 
0;1832;2070 
0;1832;2070 
0;1832;2070 
0;1832;2070 
0;1832;2070 
0;1832;2070 
0;1832;2070 
0;1832;2070 
0;1832;2070 
0;1832;2070 
0;1832;2070 
0;1832;2070 
0;1832;2070 
0;1832;2070 
0;1832;2070 
0;1832;2070 
0;0;0 
0;0;0 
0;0;0 
0;0;0 
0;0;0 
0;0;0 
0;0;0 
0;0;0 
0;0;0 
0;0;0 
0;0;0 
0;0;0 
0;0;0 
0;0;0 
0;0;0 
0;0;0 
0;0;0 
0;0;0 
0;0;0 
0;0;0 
0;0;0 
0;0;0 
0;0;0 
0;0;0 
0;0;0 
0;0;0 
0;0;0 
0;0;0 
0;0;0 
0;0;0 
0;0;0 
0;0;0 
0;0;0 
0;0;0 
0;0;0 
0;0;0 
0;0;0 
0;0;0 
0;0;0 
0;0;0 
0;0;0 
0;0;0 
0;0;0 
0;0;0 
0;0;0 
0;0;0 
0;0;0 
0;0;0 
0;0;0 
0;0;0 
0;0;0 
0;0;0 
0;0;0 
0;0;0 
0;0;0 
0;0;0 
0;0;0 
0;0;0 
0;0;0 
0;0;0 
0;0;0 
0;0;0 
0;0;0 
0;0;0 
0;0;0 
0;0;0 
0;0;0 
0;0;0 
0;0;0 
0;0;0 
0;0;0 
0;0;0 
0;0;0 
0;0;0 
0;0;0 
0;0;0 
0;0;0 
0;0;0 
0;0;0 
0;0;0 
0;0;0 
0;0;0 
0;0;0 
0;0;0 
0;0;0 
0;0;0 
0;0;0 
0;0;0 
0;0;0 
0;0;0 
0;0;0 
0;0;0 
0;0;0 
0;0;0 
0;0;0 
0;0;0 
0;0;0 
0;0;0 
0;0;0 
0;0;0 
0;0;0 
0;0;0 
0;0;0 
0;0;0 
0;0;0 
0;0;0 
0;0;0 
0;0;0 
0;0;0 
0;0;0 
0;0;0 
0;0;0 
0;0;0 
0;0;0 
0;0;0 
0;0;0 
0;0;0 
0;0;0 
0;0;0 
0;0;0 
0;0;0 
0;0;0 
0;0;0 
0;0;0 
0;0;0 
0;0;0 
0;0;0 
0;0;0 
0;0;0 
0;0;0 
0;0;0 
0;0;0 
0;0;0 
0;0;0 
0;0;0 
0;0;0 
0;0;0 
0;0;0 
0;0;0 
0;0;0 
0;0;0 
0;0;0 
0;0;0 
0;0;0 
0;0;0 
0;0;0 
0;0;0 
0;0;0 
0;0;0 
0;0;0 
0;0;0 
0;0;0 
0;0;0 
0;0;0 
0;0;0 
0;0;0 
0;0;0 
0;0;0 
0;0;0 
0;0;0 
0;0;0 
0;0;0 
0;0;0 
0;0;0 
0;0;0 
0;0;0 
0;0;0 
Tapez  1 pour afficher les mesures, 2 pour acquisition avant, 3 pour acquisition arriere: 
Acquisition ... fait 
Tapez  1 pour afficher les mesures, 2 pour acquisition avant, 3 pour acquisition arriere: 
Mesures en acceleration 
Courant;Position;Vitesse 
2468;1832;65535 
2268;1832;65535 
2791;1832;65535 
2850;1831;47661 
2796;1831;47661 
2840;1831;47661 
2609;1831;47661 
2609;1831;47661 
2609;1830;47661 
2609;1830;47661 
2609;1830;47661 
2693;1829;47661 
2520;1829;47661 
2715;1829;47661 
2717;1829;47661 
2506;1828;47661 
2685;1828;47661 
2552;1827;1719 
2732;1827;1719 
2103;1826;1719 
2103;1825;1719 
2103;1825;1719 
2103;1825;1719 
2805;1824;1719 
2674;1823;856 
2360;1822;856 
2116;1822;856 
2650;1821;856 
2650;1821;856 
2169;1820;856 
2302;1819;681 
2277;1818;681 
2092;1817;681 
2057;1817;681 
2144;1816;681 
2230;1815;604 
1869;1814;604 
2265;1813;604 
2132;1813;604 
2132;1812;604 
2132;1811;614 
2132;1810;614 
2132;1809;614 
2479;1809;614 
2414;1808;614 
2727;1807;642 
2584;1807;642 
2339;1806;642 
2555;1805;642 
2420;1805;642 
2111;1804;642 
2493;1803;678 
2493;1802;678 
2493;1801;678 
2493;1801;678 
2493;1801;678 
2443;1800;678 
2324;1799;665 
2392;1798;665 
2352;1797;665 
2477;1797;665 
2241;1796;665 
2097;1795;606 
2200;1794;606 
2356;1793;606 
2356;1792;606 
2356;1791;574 
2476;1790;574 
2223;1789;574 
2252;1789;574 
2537;1788;574 
2561;1787;542 
2561;1786;542 
2561;1785;542 
2025;1784;542 
2504;1783;526 
1657;1782;526 
2436;1781;526 
2190;1781;526 
2122;1780;526 
1847;1778;511 
2061;1777;511 
2055;1777;511 
2055;1776;511 
2055;1775;492 
2055;1773;492 
2055;1773;492 
2055;1772;492 
2226;1771;484 
2173;1769;484 
2069;1769;484 
2512;1768;484 
1824;1766;467 
1855;1765;467 
2116;1765;467 
2194;1763;453 
2025;1762;453 
2025;1761;453 
2025;1760;453 
2025;1759;445 
2524;1758;445 
2185;1757;445 
2231;1756;445 
1764;1754;428 
2326;1753;428 
1708;1753;428 
2213;1751;430 
1824;1750;430 
2169;1749;430 
2181;1748;430 
2181;1746;423 
2379;1745;423 
2150;1745;423 
2213;1743;416 
1738;1742;416 
2181;1741;416 
2181;1740;416 
2181;1738;412 
2181;1737;412 
1759;1736;412 
2176;1735;396 
1886;1733;396 
1792;1733;396 
2333;1731;392 
1833;1730;392 
1892;1729;392 
2129;1727;386 
1799;1726;386 
1799;1725;386 
1799;1724;386 
1799;1722;383 
1799;1721;383 
1799;1720;383 
1771;1718;378 
2099;1717;378 
1795;1716;378 
1849;1715;365 
2173;1713;365 
1911;1712;365 
2080;1711;365 
1955;1709;365 
1948;1708;365 
1948;1707;362 
1948;1705;362 
1948;1704;362 
1862;1702;359 
2244;1701;359 
1712;1700;359 
1769;1698;356 
1930;1697;356 
1930;1696;356 
1188;1694;346 
2085;1693;346 
1597;1692;346 
1649;1690;349 
1719;1689;349 
1978;1688;349 
1558;1686;349 
1646;1685;349 
1643;1684;349 
1643;1682;350 
1643;1681;350 
1643;1679;347 
1643;1678;347 
1900;1677;347 
2203;1675;336 
1590;1673;336 
1527;1672;336 
2069;1671;339 
1936;1669;339 
1595;1668;339 
1709;1666;336 
1910;1665;336 
1910;1664;336 
1910;1662;337 
1910;1661;337 
1910;1659;334 
1910;1658;334 
1962;1657;334 
2139;1655;325 
2062;1653;325 
1975;1652;325 
1550;1650;325 
1725;1649;325 
2225;1648;325 
1684;1646;325 
1960;1645;325 
1960;1643;324 
1960;1641;324 
1959;1640;324 
1555;1639;325 
1865;1637;325 
1944;1636;325 
1569;1634;315 
1569;1633;315 
1569;1631;318 
1877;1629;318 
1740;1628;318 
1661;1626;316 
2072;1625;316 
2255;1624;316 
1644;1622;317 
1669;1621;317 
1626;1619;316 
1842;1617;316 
1842;1616;316 
1842;1614;308 
1842;1613;308 
1842;1611;309 
1863;1609;309 
1720;1608;309 
1431;1606;307 
2034;1605;307 
2109;1603;308 
1583;1602;308 
1761;1601;308 
1468;1599;308 
1785;1597;308 
1785;1596;308 
1785;1594;303 
1785;1593;303 
1785;1591;303 
1785;1589;303 
2186;1588;303 
1677;1586;304 
1925;1585;304 
1818;1583;303 
2097;1581;303 
1678;1580;303 
1756;1578;306 
1773;1577;306 
2057;1575;300 
2057;1573;300 
2177;1572;300 
1380;1570;301 
1634;1569;301 
1928;1567;299 
1917;1565;299 
1571;1564;299 
1571;1562;298 
1571;1561;298 
1714;1559;300 
1923;1557;300 
1890;1556;300 
1626;1554;290 
1373;1553;290 
1522;1551;293 
1628;1549;293 
1776;1547;290 
1519;1545;290 
1519;1544;290 
1519;1542;290 
1519;1541;290 
1519;1539;290 
1943;1537;290 
1789;1536;290 
1523;1534;284 
1549;1533;284 
1848;1531;285 
1592;1529;285 
1868;1527;284 
1665;1525;284 
1618;1524;284 
1618;1522;282 
1618;1521;282 
1618;1519;284 
1618;1517;284 
2366;1515;277 
1766;1513;277 
1608;1512;277 
1544;1510;278 
1856;1509;278 
1658;1507;276 
1860;1505;276 
1976;1503;275 
1956;1501;275 
1663;1500;275 
1717;1498;277 
1603;1496;277 
1280;1494;271 
1536;1493;271 
1702;1491;273 
1758;1489;273 
1758;1487;273 
1758;1485;273 
1758;1484;273 
1684;1482;272 
1829;1481;272 
1608;1478;274 
1771;1477;274 
1797;1475;268 
1801;1473;268 
1884;1472;268 
1494;1469;268 
1685;1468;268 
1685;1466;268 
1685;1465;268 
1685;1462;269 
1685;1461;269 
1740;1459;269 
1859;1457;269 
2023;1455;263 
1812;1453;263 
1666;1452;263 
1481;1450;265 
1630;1448;265 
1249;1446;263 
1820;1445;263 
1820;1442;263 
1820;1441;263 
1820;1439;265 
2181;1437;265 
1916;1435;260 
1863;1433;260 
1922;1432;260 
1922;1429;261 
1922;1428;261 
1430;1426;260 
1506;1424;260 
1493;1422;263 
1815;1421;263 
1572;1419;264 
1853;1417;264 
1875;1415;260 
1804;1413;260 
1779;1411;259 
1605;1409;259 
1605;1408;259 
1605;1406;259 
1605;1404;259 
1605;1402;258 
1791;1401;258 
1731;1398;260 
1720;1397;260 
1583;1395;254 
1501;1393;254 
1643;1391;255 
1352;1389;255 
1690;1387;254 
1879;1385;254 
1879;1383;254 
1879;1381;254 
1879;1380;254 
1879;1377;256 
1567;1376;256 
1523;1374;251 
1488;1372;251 
1430;1370;252 
1680;1368;252 
1263;1366;251 
1666;1365;251 
1411;1362;253 
1754;1361;253 
1754;1359;254 
1754;1357;254 
2222;1355;249 
1666;1353;249 
1636;1351;250 
1800;1349;250 
1811;1347;250 
1811;1345;250 
1811;1343;251 
1937;1341;251 
1705;1340;251 
1791;1337;252 
1556;1336;252 
1512;1333;246 
1451;1332;246 
1269;1330;248 
1713;1328;248 
1412;1326;246 
1412;1324;246 
1412;1322;248 
1412;1320;248 
1412;1318;250 
1412;1316;250 
1391;1314;245 
1355;1313;245 
1188;1310;248 
1695;1309;248 
1324;1306;247 
1696;1305;247 
1276;1302;249 
1707;1301;249 
1634;1299;250 
1634;1297;250 
1634;1295;246 
1634;1293;246 
2280;1291;247 
1684;1289;247 
1876;1287;247 
1767;1285;247 
1915;1283;248 
1872;1281;248 
1595;1280;248 
1766;1277;250 
1639;1276;250 
1598;1273;246 
1598;1272;246 
1598;1269;248 
1951;1268;248 
1290;1266;247 
1309;1264;247 
1529;1262;247 
1529;1260;247 
1529;1258;250 
1529;1256;250 
1508;1254;245 
1323;1253;245 
1080;1250;247 
1620;1249;247 
1254;1246;247 
1659;1245;247 
1250;1242;247 
1533;1241;247 
1528;1239;249 
1528;1237;249 
1528;1235;244 
1528;1233;244 
1528;1231;246 
1528;1229;246 
1725;1227;245 
1800;1225;245 
1889;1223;247 
1885;1221;247 
1322;1219;248 
1561;1217;248 
1542;1215;244 
1604;1213;244 
1795;1211;246 
1795;1209;246 
1795;1208;246 
1981;1205;244 
1505;1204;244 
1384;1201;246 
1558;1200;246 
1558;1197;247 
1558;1196;247 
1558;1193;242 
1623;1192;242 
1426;1190;242 
1772;1188;242 
1544;1186;241 
1534;1184;241 
1417;1182;242 
1426;1180;242 
1479;1178;243 
1287;1176;243 
1287;1174;238 
1287;1172;238 
1287;1170;240 
1287;1168;240 
1287;1166;239 
1481;1164;239 
1416;1162;240 
1639;1160;240 
1716;1158;243 
1450;1156;243 
1370;1154;238 
1468;1152;238 
1261;1150;239 
1616;1148;239 
1616;1146;239 
1616;1144;239 
2103;1142;240 
1361;1140;240 
1683;1138;241 
1522;1136;241 
1502;1134;236 
1685;1132;236 
1685;1129;238 
1692;1128;238 
1357;1125;237 
1544;1124;237 
1416;1121;237 
1416;1120;237 
1600;1117;240 
1358;1116;240 
1349;1113;236 
1677;1112;236 
1677;1109;236 
1677;1108;236 
1677;1105;237 
1677;1104;237 
1739;1101;238 
1631;1100;238 
1608;1097;241 
1697;1096;241 
1733;1093;236 
1684;1091;238 
1406;1089;238 
1428;1087;237 
1428;1085;237 
1428;1083;238 
1428;1081;238 
1428;1079;239 
1428;1077;239 
1428;1075;235 
1847;1073;235 
1858;1071;237 
1619;1069;237 
1710;1067;236 
1670;1065;236 
1668;1063;238 
1711;1061;238 
1528;1059;239 
1610;1057;239 
1610;1055;237 
1610;1053;237 
2052;1051;237 
1115;1049;237 
1650;1047;238 
1849;1045;238 
1659;1043;240 
1659;1041;240 
1659;1039;241 
1556;1037;241 
1651;1035;236 
1835;1033;236 
1773;1031;239 
2285;1029;239 
1610;1027;239 
1638;1025;239 
1374;1023;238 
1725;1021;238 
1725;1019;239 
1725;1017;239 
1725;1015;236 
1725;1013;236 
1424;1011;237 
1459;1009;237 
1648;1007;237 
1679;1005;237 
1364;1002;237 
1562;1001;237 
1322;999;240 
1301;997;240 
1421;994;235 
1421;993;235 
1421;990;237 
1421;989;237 
1421;986;237 
1421;985;237 
1159;982;238 
1727;981;238 
1701;978;240 
1662;977;240 
1398;974;235 
1180;973;235 
1081;970;239 
1448;969;239 
1245;966;238 
1245;965;238 
1795;962;239 
1539;961;239 
1485;958;241 
1612;957;241 
1673;954;238 
1673;953;238 
1673;950;240 
1673;949;240 
1296;946;239 
1676;945;239 
1394;942;240 
1737;941;240 
1511;938;242 
1343;937;242 
1478;934;238 
1254;933;238 
1229;930;239 
1229;929;239 
1229;926;239 
1229;925;239 
1229;922;239 
1694;921;239 
1701;918;242 
1391;916;242 
1649;914;236 
1419;912;236 
1189;910;238 
1425;908;238 
1252;906;237 
1453;904;237 
1453;902;238 
1453;900;238 
1453;898;240 
1453;896;240 
1832;894;236 
1614;892;236 
1273;890;239 
1697;888;239 
1308;886;238 
1372;884;238 
1249;882;238 
1499;880;238 
1533;878;240 
1535;876;240 
2092;874;236 
1560;872;236 
1274;870;236 
1563;868;236 
1474;865;234 
1612;864;234 
1612;861;236 
1612;860;236 
1612;857;237 
1615;856;237 
1560;853;233 
1805;852;233 
1341;849;234 
1639;847;233 
1464;845;233 
1526;843;234 
1640;841;234 
1491;839;236 
1491;837;236 
1491;835;231 
1491;833;231 
1491;831;232 
1596;829;232 
1746;827;231 
1745;825;231 
1357;822;231 
1589;821;231 
1477;818;234 
1628;817;234 
1438;814;229 
1383;812;229 
1383;810;231 
1383;808;231 
1383;806;230 
2219;804;230 
1216;802;230 
1645;800;230 
1757;797;233 
1464;796;233 
1464;793;228 
1842;791;229 
1409;789;229 
1722;787;229 
1679;785;229 
1626;783;230 
1638;781;230 
1477;779;232 
1396;777;232 
1358;775;228 
1461;773;228 
1461;770;229 
1461;769;229 
1461;766;229 
1461;764;229 
1538;762;228 
1480;760;228 
1570;758;231 
1422;756;231 
1382;753;226 
1706;752;226 
955;749;228 
1569;747;227 
1411;745;227 
1411;743;227 
1411;741;227 
1411;739;230 
1411;737;230 
1622;735;225 
1283;733;225 
1199;730;227 
1314;729;227 
1232;726;226 
1266;724;226 
1267;722;227 
1450;720;227 
1430;718;229 
1430;716;229 
1430;713;225 
2241;712;225 
1306;709;228 
1339;707;226 
1817;705;226 
1660;703;229 
1660;701;229 
1660;699;230 
1445;697;230 
1400;695;226 
1287;693;226 
1208;690;228 
1435;689;228 
909;686;229 
1379;684;229 
1265;682;229 
1397;680;229 
1397;678;231 
1397;676;231 
1397;673;228 
1397;672;228 
1397;669;229 
1669;667;231 
1571;665;231 
1793;663;230 
1878;661;230 
1525;659;233 
1406;657;233 
1605;655;229 
1618;653;229 
1432;651;230 
1432;649;230 
1432;646;231 
1432;645;231 
1874;642;230 
1768;641;230 
1615;638;234 
1440;636;234 
1510;634;229 
1290;632;229 
1170;630;231 
1572;628;231 
1378;626;231 
1618;624;231 
1618;621;231 
1618;620;231 
1835;617;234 
1307;616;234 
1328;613;230 
1979;611;231 
1979;609;231 
1979;607;231 
1979;605;231 
1612;603;231 
1704;601;231 
1663;599;233 
1570;597;233 
1627;595;229 
1279;593;229 
1267;590;229 
1336;589;229 
1311;586;230 
1311;585;230 
1311;582;229 
1311;580;229 
1311;578;231 
1311;576;231 
1342;574;227 
1683;572;227 
1517;569;229 
1879;568;229 
1436;565;228 
1366;563;228 
1787;561;228 
1538;559;229 
1540;557;229 
1540;555;226 
1540;553;226 
1540;551;226 
1499;549;226 
1427;546;226 
1718;545;226 
1542;542;226 
1591;540;226 
1591;538;229 
1404;536;229 
1341;533;224 
1801;532;224 
1341;529;225 
1341;527;225 
1909;525;225 
1347;523;226 
1484;521;226 
1446;519;230 
1446;517;230 
1446;514;225 
1446;513;225 
1446;510;226 
1363;509;226 
1444;506;226 
1504;504;226 
1388;502;225 
1482;500;225 
1466;497;228 
1387;496;228 
1414;493;223 
1845;491;225 
1845;489;225 
1845;487;223 
1845;485;223 
1845;482;225 
1845;481;225 
1582;478;226 
1445;476;226 
1277;474;222 
1605;472;222 
1340;469;222 
1580;468;222 
1402;465;224 
1471;463;223 
1709;461;223 
1709;459;225 
1709;457;225 
1944;455;223 
1125;453;223 
1254;450;223 
1467;449;223 
1304;446;222 
1304;444;222 
1304;442;223 
1467;440;223 
1614;437;225 
1364;435;221 
1632;433;221 
2281;431;222 
1317;429;222 
1350;427;222 
1425;425;222 
1190;422;222 
1190;421;222 
1190;418;226 
1190;416;226 
1190;414;222 
1669;412;222 
1343;409;224 
1773;407;224 
1672;405;224 
1690;403;225 
1644;401;225 
1543;399;228 
1534;397;228 
1598;395;223 
1598;393;223 
1598;390;224 
1598;389;224 
1598;386;225 
1598;384;225 
0;0;0 
0;0;0 
0;0;0 
0;0;0 
0;0;0 
0;0;0 
0;0;0 
0;0;0 
0;0;0 
0;0;0 
0;0;0 
0;0;0 
0;0;0 
0;0;0 
0;0;0 
0;0;0 
0;0;0 
0;0;0 
0;0;0 
0;0;0 
0;0;0 
0;0;0 
0;0;0 
0;0;0 
0;0;0 
0;0;0 
0;0;0 
0;0;0 
0;0;0 
0;0;0 
0;0;0 
0;0;0 
0;0;0 
0;0;0 
0;0;0 
0;0;0 
0;0;0 
0;0;0 
0;0;0 
0;0;0 
0;0;0 
0;0;0 
0;0;0 
0;0;0 
0;0;0 
0;0;0 
0;0;0 
0;0;0 
0;0;0 
0;0;0 
0;0;0 
0;0;0 
0;0;0 
0;0;0 
0;0;0 
0;0;0 
0;0;0 
0;0;0 
0;0;0 
0;0;0 
0;0;0 
0;0;0 
0;0;0 
0;0;0 
0;0;0 
0;0;0 
0;0;0 
0;0;0 
0;0;0 
0;0;0 
0;0;0 
0;0;0 
0;0;0 
0;0;0 
0;0;0 
0;0;0 
0;0;0 
0;0;0 
0;0;0 
0;0;0 
0;0;0 
0;0;0 
0;0;0 
0;0;0 
0;0;0 
0;0;0 
0;0;0 
0;0;0 
0;0;0 
0;0;0 
0;0;0 
0;0;0 
0;0;0 
0;0;0 
0;0;0 
0;0;0 
0;0;0 
0;0;0 
0;0;0 
0;0;0 
0;0;0 
0;0;0 
0;0;0 
0;0;0 
0;0;0 
0;0;0 
0;0;0 
0;0;0 
0;0;0 
0;0;0 
0;0;0 
0;0;0 
0;0;0 
0;0;0 
0;0;0 
0;0;0 
0;0;0 
0;0;0 
0;0;0 
0;0;0 
0;0;0 
0;0;0 
0;0;0 
0;0;0 
0;0;0 
0;0;0 
0;0;0 
0;0;0 
0;0;0 
0;0;0 
0;0;0 
0;0;0 
0;0;0 
0;0;0 
0;0;0 
0;0;0 
0;0;0 
0;0;0 
0;0;0 
0;0;0 
0;0;0 
0;0;0 
0;0;0 
0;0;0 
0;0;0 
0;0;0 
0;0;0 
0;0;0 
0;0;0 
0;0;0 
0;0;0 
0;0;0 
0;0;0 
0;0;0 
0;0;0 
0;0;0 
0;0;0 
0;0;0 
0;0;0 
0;0;0 
0;0;0 
0;0;0 
0;0;0 
0;0;0 
0;0;0 
0;0;0 
0;0;0 
0;0;0 
0;0;0 
 
 
Mesures en deceleration 
Courant;Position;Vitesse 
0;382;225 
0;380;225 
0;377;229 
0;376;229 
0;373;232 
0;372;232 
0;369;242 
0;368;242 
0;366;250 
0;364;250 
0;362;259 
0;361;259 
0;359;271 
0;357;271 
0;355;275 
0;353;275 
0;352;275 
0;350;287 
0;349;287 
0;347;296 
0;345;296 
0;344;296 
0;342;308 
0;341;308 
0;340;308 
0;338;323 
0;337;323 
0;335;331 
0;333;331 
0;333;331 
0;331;346 
0;329;346 
0;329;346 
0;327;361 
0;325;361 
0;325;361 
0;323;378 
0;322;378 
0;321;378 
0;320;378 
0;318;400 
0;317;400 
0;316;400 
0;315;412 
0;314;412 
0;313;412 
0;312;412 
0;311;438 
0;309;438 
0;309;438 
0;308;438 
0;306;463 
0;305;463 
0;305;463 
0;304;463 
0;303;492 
0;302;492 
0;301;492 
0;300;492 
0;299;530 
0;298;530 
0;297;530 
0;297;530 
0;296;530 
0;295;559 
0;294;559 
0;293;559 
0;293;559 
0;292;559 
0;291;608 
0;290;608 
0;289;608 
0;289;608 
0;288;608 
0;287;664 
0;287;664 
0;286;664 
0;285;664 
0;285;664 
0;284;664 
0;284;664 
0;283;738 
0;282;738 
0;281;738 
0;281;738 
0;281;738 
0;280;738 
0;280;738 
0;279;845 
0;278;845 
0;278;845 
0;277;845 
0;277;845 
0;277;845 
0;276;845 
0;276;845 
0;275;963 
0;275;963 
0;274;963 
0;274;963 
0;273;963 
0;273;963 
0;273;963 
0;272;963 
0;272;963 
0;272;963 
0;271;1180 
0;271;1180 
0;270;1180 
0;270;1180 
0;270;1180 
0;269;1180 
0;269;1180 
0;269;1180 
0;269;1180 
0;269;1180 
0;268;1180 
0;268;1180 
0;267;1555 
0;267;1555 
0;267;1555 
0;267;1555 
0;266;1555 
0;266;1555 
0;266;1555 
0;266;1555 
0;265;1555 
0;265;1555 
0;265;1555 
0;265;1555 
0;265;1555 
0;265;1555 
0;265;1555 
0;265;1555 
0;265;1555 
0;264;1555 
0;264;1555 
0;264;1555 
0;264;1555 
0;264;1555 
0;264;1555 
0;264;1555 
0;263;2833 
0;263;2833 
0;263;2833 
0;263;2833 
0;263;2833 
0;263;2833 
0;263;2833 
0;263;2833 
0;263;2833 
0;263;2833 
0;263;2833 
0;263;2833 
0;263;2833 
0;263;2833 
0;263;2833 
0;263;2833 
0;263;2833 
0;263;2833 
0;263;2833 
0;263;2833 
0;263;2833 
0;263;2833 
0;263;2833 
0;263;2833 
0;263;2833 
0;263;2833 
0;263;2833 
0;264;2833 
0;264;2833 
0;264;2833 
0;264;2833 
0;264;2833 
0;264;2833 
0;264;2833 
0;264;2833 
0;264;2833 
0;264;2833 
0;264;2833 
0;264;2833 
0;264;2833 
0;264;2833 
0;264;2833 
0;264;2833 
0;264;2833 
0;264;2833 
0;264;2833 
0;264;2833 
0;264;2833 
0;264;2833 
0;264;2833 
0;264;2833 
0;264;2833 
0;264;2833 
0;264;2833 
0;264;2833 
0;264;2833 
0;264;2833 
0;264;2833 
0;264;2833 
0;264;2833 
0;264;2833 
0;264;2833 
0;264;2833 
0;264;2833 
0;264;2833 
0;264;2833 
0;264;2833 
0;264;2833 
0;264;2833 
0;264;2833 
0;264;2833 
0;264;2833 
0;264;2833 
0;264;2833 
0;264;2833 
0;264;2833 
0;264;2833 
0;264;2833 
0;264;2833 
0;264;2833 
0;264;2833 
0;264;2833 
0;264;2833 
0;264;2833 
0;264;2833 
0;264;2833 
0;264;2833 
0;264;2833 
0;264;2833 
0;264;2833 
0;264;2833 
0;264;2833 
0;264;2833 
0;264;2833 
0;264;2833 
0;264;2833 
0;264;2833 
0;264;2833 
0;264;2833 
0;264;2833 
0;264;2833 
0;264;2833 
0;264;2833 
0;264;2833 
0;264;2833 
0;264;2833 
0;264;2833 
0;264;2833 
0;264;2833 
0;264;2833 
0;264;2833 
0;264;2833 
0;264;2833 
0;264;2833 
0;264;2833 
0;264;2833 
0;264;2833 
0;264;2833 
0;264;2833 
0;264;2833 
0;264;2833 
0;264;2833 
0;264;2833 
0;264;2833 
0;264;2833 
0;264;2833 
0;264;2833 
0;264;2833 
0;264;2833 
0;264;2833 
0;264;2833 
0;264;2833 
0;264;2833 
0;264;2833 
0;264;2833 
0;264;2833 
0;264;2833 
0;264;2833 
0;264;2833 
0;264;2833 
0;264;2833 
0;264;2833 
0;264;2833 
0;264;2833 
0;264;2833 
0;264;2833 
0;264;2833 
0;264;2833 
0;264;2833 
0;264;2833 
0;264;2833 
0;264;2833 
0;264;2833 
0;264;2833 
0;264;2833 
0;264;2833 
0;264;2833 
0;264;2833 
0;264;2833 
0;264;2833 
0;264;2833 
0;264;2833 
0;264;2833 
0;264;2833 
0;264;2833 
0;264;2833 
0;264;2833 
0;264;2833 
0;264;2833 
0;264;2833 
0;264;2833 
0;264;2833 
0;264;2833 
0;264;2833 
0;264;2833 
0;264;2833 
0;264;2833 
0;264;2833 
0;264;2833 
0;264;2833 
0;264;2833 
0;264;2833 
0;264;2833 
0;264;2833 
0;264;2833 
0;264;2833 
0;264;2833 
0;264;2833 
0;264;2833 
0;264;2833 
0;264;2833 
0;264;2833 
0;264;2833 
0;264;2833 
0;264;2833 
0;264;2833 
0;264;2833 
0;264;2833 
0;264;2833 
0;264;2833 
0;264;2833 
0;264;2833 
0;264;2833 
0;264;2833 
0;264;2833 
0;264;2833 
0;264;2833 
0;264;2833 
0;264;2833 
0;264;2833 
0;264;2833 
0;264;2833 
0;264;2833 
0;264;2833 
0;264;2833 
0;264;2833 
0;264;2833 
0;264;2833 
0;264;2833 
0;264;2833 
0;264;2833 
0;264;2833 
0;264;2833 
0;264;2833 
0;264;2833 
0;264;2833 
0;264;2833 
0;264;2833 
0;264;2833 
0;264;2833 
0;264;2833 
0;264;2833 
0;264;2833 
0;264;2833 
0;264;2833 
0;264;2833 
0;264;2833 
0;264;2833 
0;264;2833 
0;264;2833 
0;264;2833 
0;264;2833 
0;264;2833 
0;264;2833 
0;264;2833 
0;264;2833 
0;264;2833 
0;264;2833 
0;264;2833 
0;264;2833 
0;264;2833 
0;264;2833 
0;264;2833 
0;264;2833 
0;264;2833 
0;264;2833 
0;264;2833 
0;264;2833 
0;264;2833 
0;264;2833 
0;264;2833 
0;264;2833 
0;264;2833 
0;264;2833 
0;264;2833 
0;264;2833 
0;264;2833 
0;264;2833 
0;264;2833 
0;264;2833 
0;264;2833 
0;264;2833 
0;264;2833 
0;264;2833 
0;264;2833 
0;264;2833 
0;264;2833 
0;264;2833 
0;264;2833 
0;264;2833 
0;264;2833 
0;264;2833 
0;264;2833 
0;264;2833 
0;264;2833 
0;264;2833 
0;264;2833 
0;264;2833 
0;264;2833 
0;264;2833 
0;264;2833 
0;264;2833 
0;264;2833 
0;264;2833 
0;264;2833 
0;264;2833 
0;264;2833 
0;264;2833 
0;264;2833 
0;264;2833 
0;264;2833 
0;264;2833 
0;264;2833 
0;264;2833 
0;264;2833 
0;264;2833 
0;264;2833 
0;264;2833 
0;264;2833 
0;264;2833 
0;264;2833 
0;264;2833 
0;264;2833 
0;264;2833 
0;264;2833 
0;264;2833 
0;264;2833 
0;264;2833 
0;264;2833 
0;264;2833 
0;264;2833 
0;264;2833 
0;264;2833 
0;264;2833 
0;264;2833 
0;264;2833 
0;264;2833 
0;264;2833 
0;264;2833 
0;264;2833 
0;264;2833 
0;264;2833 
0;264;2833 
0;264;2833 
0;264;2833 
0;264;2833 
0;264;2833 
0;264;2833 
0;264;2833 
0;264;2833 
0;264;2833 
0;264;2833 
0;264;2833 
0;264;2833 
0;264;2833 
0;264;2833 
0;264;2833 
0;264;2833 
0;264;2833 
0;264;2833 
0;264;2833 
0;264;2833 
0;264;2833 
0;264;2833 
0;264;2833 
0;264;2833 
0;264;2833 
0;264;2833 
0;264;2833 
0;264;2833 
0;264;2833 
0;264;2833 
0;264;2833 
0;264;2833 
0;264;2833 
0;264;2833 
0;264;2833 
0;264;2833 
0;264;2833 
0;264;2833 
0;264;2833 
0;264;2833 
0;264;2833 
0;264;2833 
0;264;2833 
0;264;2833 
0;264;2833 
0;264;2833 
0;264;2833 
0;264;2833 
0;264;2833 
0;264;2833 
0;264;2833 
0;264;2833 
0;264;2833 
0;264;2833 
0;264;2833 
0;264;2833 
0;264;2833 
0;264;2833 
0;264;2833 
0;264;2833 
0;264;2833 
0;264;2833 
0;264;2833 
0;264;2833 
0;264;2833 
0;264;2833 
0;264;2833 
0;264;2833 
0;264;2833 
0;264;2833 
0;264;2833 
0;264;2833 
0;264;2833 
0;264;2833 
0;264;2833 
0;264;2833 
0;264;2833 
0;264;2833 
0;264;2833 
0;264;2833 
0;264;2833 
0;264;2833 
0;264;2833 
0;264;2833 
0;264;2833 
0;264;2833 
0;264;2833 
0;264;2833 
0;264;2833 
0;264;2833 
0;264;2833 
0;264;2833 
0;264;2833 
0;264;2833 
0;264;2833 
0;264;2833 
0;264;2833 
0;264;2833 
0;264;2833 
0;264;2833 
0;264;2833 
0;264;2833 
0;264;2833 
0;264;2833 
0;264;2833 
0;264;2833 
0;264;2833 
0;264;2833 
0;264;2833 
0;264;2833 
0;264;2833 
0;264;2833 
0;264;2833 
0;264;2833 
0;264;2833 
0;264;2833 
0;264;2833 
0;264;2833 
0;264;2833 
0;264;2833 
0;264;2833 
0;264;2833 
0;264;2833 
0;264;2833 
0;264;2833 
0;264;2833 
0;264;2833 
0;264;2833 
0;264;2833 
0;264;2833 
0;264;2833 
0;264;2833 
0;264;2833 
0;264;2833 
0;264;2833 
0;264;2833 
0;264;2833 
0;264;2833 
0;264;2833 
0;264;2833 
0;264;2833 
0;264;2833 
0;264;2833 
0;264;2833 
0;264;2833 
0;264;2833 
0;264;2833 
0;264;2833 
0;264;2833 
0;264;2833 
0;264;2833 
0;264;2833 
0;264;2833 
0;264;2833 
0;264;2833 
0;264;2833 
0;264;2833 
0;264;2833 
0;264;2833 
0;264;2833 
0;264;2833 
0;264;2833 
0;264;2833 
0;264;2833 
0;264;2833 
0;264;2833 
0;264;2833 
0;264;2833 
0;264;2833 
0;264;2833 
0;264;2833 
0;264;2833 
0;264;2833 
0;264;2833 
0;264;2833 
0;264;2833 
0;264;2833 
0;264;2833 
0;264;2833 
0;264;2833 
0;264;2833 
0;264;2833 
0;264;2833 
0;264;2833 
0;264;2833 
0;264;2833 
0;264;2833 
0;264;2833 
0;264;2833 
0;264;2833 
0;264;2833 
0;264;2833 
0;264;2833 
0;264;2833 
0;264;2833 
0;264;2833 
0;264;2833 
0;264;2833 
0;264;2833 
0;264;2833 
0;264;2833 
0;264;2833 
0;264;2833 
0;264;2833 
0;264;2833 
0;264;2833 
0;264;2833 
0;264;2833 
0;264;2833 
0;264;2833 
0;264;2833 
0;264;2833 
0;264;2833 
0;264;2833 
0;264;2833 
0;264;2833 
0;264;2833 
0;264;2833 
0;264;2833 
0;264;2833 
0;264;2833 
0;264;2833 
0;264;2833 
0;264;2833 
0;264;2833 
0;264;2833 
0;264;2833 
0;264;2833 
0;264;2833 
0;264;2833 
0;264;2833 
0;264;2833 
0;264;2833 
0;264;2833 
0;264;2833 
0;264;2833 
0;264;2833 
0;264;2833 
0;264;2833 
0;264;2833 
0;264;2833 
0;264;2833 
0;264;2833 
0;264;2833 
0;264;2833 
0;264;2833 
0;264;2833 
0;264;2833 
0;264;2833 
0;264;2833 
0;264;2833 
0;264;2833 
0;264;2833 
0;264;2833 
0;264;2833 
0;264;2833 
0;264;2833 
0;264;2833 
0;264;2833 
0;264;2833 
0;264;2833 
0;264;2833 
0;264;2833 
0;264;2833 
0;264;2833 
0;264;2833 
0;264;2833 
0;264;2833 
0;264;2833 
0;264;2833 
0;264;2833 
0;264;2833 
0;264;2833 
0;264;2833 
0;264;2833 
0;264;2833 
0;264;2833 
0;264;2833 
0;264;2833 
0;264;2833 
0;264;2833 
0;264;2833 
0;264;2833 
0;264;2833 
0;264;2833 
0;264;2833 
0;264;2833 
0;264;2833 
0;264;2833 
0;264;2833 
0;264;2833 
0;264;2833 
0;264;2833 
0;264;2833 
0;264;2833 
0;264;2833 
0;264;2833 
0;264;2833 
0;264;2833 
0;264;2833 
0;264;2833 
0;264;2833 
0;264;2833 
0;264;2833 
0;264;2833 
0;264;2833 
0;264;2833 
0;264;2833 
0;264;2833 
0;264;2833 
0;264;2833 
0;264;2833 
0;264;2833 
0;264;2833 
0;264;2833 
0;264;2833 
0;264;2833 
0;264;2833 
0;264;2833 
0;264;2833 
0;264;2833 
0;264;2833 
0;264;2833 
0;264;2833 
0;264;2833 
0;264;2833 
0;264;2833 
0;264;2833 
0;264;2833 
0;264;2833 
0;264;2833 
0;264;2833 
0;264;2833 
0;264;2833 
0;264;2833 
0;264;2833 
0;264;2833 
0;264;2833 
0;264;2833 
0;264;2833 
0;264;2833 
0;264;2833 
0;264;2833 
0;264;2833 
0;264;2833 
0;264;2833 
0;264;2833 
0;264;2833 
0;264;2833 
0;264;2833 
0;264;2833 
0;264;2833 
0;264;2833 
0;264;2833 
0;264;2833 
0;264;2833 
0;264;2833 
0;264;2833 
0;264;2833 
0;264;2833 
0;0;0 
0;0;0 
0;0;0 
0;0;0 
0;0;0 
0;0;0 
0;0;0 
0;0;0 
0;0;0 
0;0;0 
0;0;0 
0;0;0 
0;0;0 
0;0;0 
0;0;0 
0;0;0 
0;0;0 
0;0;0 
0;0;0 
0;0;0 
0;0;0 
0;0;0 
0;0;0 
0;0;0 
0;0;0 
0;0;0 
0;0;0 
0;0;0 
0;0;0 
0;0;0 
0;0;0 
0;0;0 
0;0;0 
0;0;0 
0;0;0 
0;0;0 
0;0;0 
0;0;0 
0;0;0 
0;0;0 
0;0;0 
0;0;0 
0;0;0 
0;0;0 
0;0;0 
0;0;0 
0;0;0 
0;0;0 
0;0;0 
0;0;0 
0;0;0 
0;0;0 
0;0;0 
0;0;0 
0;0;0 
0;0;0 
0;0;0 
0;0;0 
0;0;0 
0;0;0 
0;0;0 
0;0;0 
0;0;0 
0;0;0 
0;0;0 
0;0;0 
0;0;0 
0;0;0 
0;0;0 
0;0;0 
0;0;0 
0;0;0 
0;0;0 
0;0;0 
0;0;0 
0;0;0 
0;0;0 
0;0;0 
0;0;0 
0;0;0 
0;0;0 
0;0;0 
0;0;0 
0;0;0 
0;0;0 
0;0;0 
0;0;0 
0;0;0 
0;0;0 
0;0;0 
0;0;0 
0;0;0 
0;0;0 
0;0;0 
0;0;0 
0;0;0 
0;0;0 
0;0;0 
0;0;0 
0;0;0 
0;0;0 
0;0;0 
0;0;0 
0;0;0 
0;0;0 
0;0;0 
0;0;0 
0;0;0 
0;0;0 
0;0;0 
0;0;0 
0;0;0 
0;0;0 
0;0;0 
0;0;0 
0;0;0 
0;0;0 
0;0;0 
0;0;0 
0;0;0 
0;0;0 
0;0;0 
0;0;0 
0;0;0 
0;0;0 
0;0;0 
0;0;0 
0;0;0 
0;0;0 
0;0;0 
0;0;0 
0;0;0 
0;0;0 
0;0;0 
0;0;0 
0;0;0 
0;0;0 
0;0;0 
0;0;0 
0;0;0 
0;0;0 
0;0;0 
0;0;0 
0;0;0 
0;0;0 
0;0;0 
0;0;0 
0;0;0 
0;0;0 
0;0;0 
0;0;0 
0;0;0 
0;0;0 
0;0;0 
0;0;0 
0;0;0 
0;0;0 
0;0;0 
0;0;0 
0;0;0 
0;0;0 
0;0;0 
0;0;0 
0;0;0 
0;0;0 
0;0;0 
Tapez  1 pour afficher les mesures, 2 pour acquisition avant, 3 pour acquisition arriere: 
