?afficher les mesures, 2 pour acquisition avant, 3 pour acquisition arriere
 Acquisition ... fait
 Tapez  1 pour afficher les mesures, 2 pour acquisition avant, 3 pour acquisition arriere
 Mesures en accel/decel 
Acc_I;Acc_Pos;Acc_Vit;Dec_I;Dec_Pos;Dec_Vit
 0;0;0;619;3260;1960 
 2465;0;0;125;3264;1955 
 3396;0;0;0;3268;1932 
 3415;0;0;0;3272;1909 
 3424;1;0;0;3275;1882 
 3408;1;0;0;3279;1834 
 3256;1;0;0;3282;1834 
 3227;1;0;0;3286;1814 
 3318;1;0;0;3290;1793 
 3503;2;0;0;3294;1769 
 3437;2;0;0;3297;1742 
 3390;2;0;0;3300;1694 
 3498;2;0;0;3303;1677 
 3521;2;0;0;3306;1677 
 3284;3;0;0;3310;1652 
 3250;3;0;0;3314;1632 
 3093;3;0;0;3316;1603 
 3196;4;0;0;3319;1556 
 3231;4;0;0;3322;1556 
 3203;5;0;0;3326;1535 
 3034;5;0;0;3329;1518 
 2911;6;0;0;3331;1489 
 2790;6;0;0;3334;1489 
 2888;6;0;0;3337;1462 
 2928;7;201;0;3340;1415 
 2982;7;201;0;3342;1415 
 3023;8;201;0;3346;1398 
 3068;9;201;0;3348;1372 
 2963;9;201;0;3351;1349 
 2761;10;201;0;3354;1349 
 2701;10;201;0;3356;1317 
 2806;11;284;0;3358;1317 
 2880;11;284;0;3361;1273 
 2901;12;284;0;3363;1251 
 3025;13;284;0;3366;1251 
 2910;14;284;0;3369;1230 
 2913;14;284;0;3371;1203 
 2967;15;348;0;3374;1203 
 2790;16;348;0;3375;1173 
 2787;17;348;0;3378;1173 
 2773;18;348;0;3380;1134 
 2925;18;348;0;3382;1134 
 2804;19;389;0;3385;1109 
 2665;20;389;0;3386;1109 
 2665;21;389;0;3389;1085 
 2862;22;389;0;3390;1085 
 3024;22;389;0;3393;1059 
 2833;23;430;0;3395;1029 
 2955;24;430;0;3397;1029 
 2851;25;430;0;3398;1029 
 2681;26;430;0;3401;988 
 2764;27;473;0;3402;988 
 2769;28;473;0;3405;966 
 2741;29;473;0;3406;966 
 2680;30;473;0;3408;940 
 2610;31;509;0;3410;940 
 2659;32;509;0;3412;913 
 2810;34;509;0;3414;913 
 2604;34;509;0;3415;883 
 2554;35;541;0;3417;883 
 2559;37;541;0;3418;883 
 2756;38;541;0;3420;844 
 2763;39;562;0;3422;844 
 2653;40;562;0;3423;820 
 2540;42;562;0;3425;820 
 2783;42;562;0;3426;820 
 2679;43;591;0;3428;794 
 2742;45;591;0;3430;794 
 2519;46;591;0;3431;766 
 2617;47;623;0;3433;766 
 2736;49;623;0;3434;766 
 2584;50;623;0;3435;735 
 2554;51;649;0;3437;735 
 2741;53;649;0;3438;735 
 2664;54;649;0;3440;696 
 2558;55;674;0;3441;696 
 2528;57;674;0;3442;696 
 2651;58;674;0;3444;670 
 2609;59;687;0;3445;670 
 2450;61;687;0;3446;670 
 2545;62;687;0;3447;641 
 2534;64;710;0;3449;641 
 2595;65;710;0;3450;641 
 2444;66;710;0;3451;612 
 2551;68;735;0;3452;612 
 2474;70;735;0;3454;612 
 2408;71;757;0;3454;612 
 2549;73;757;0;3455;579 
 2568;74;757;0;3457;579 
 2449;76;774;0;3458;579 
 2508;78;774;0;3459;540 
 2580;79;787;0;3460;540 
 2383;81;787;0;3461;540 
 2540;82;787;0;3462;540 
 2513;84;807;0;3463;511 
 2454;86;807;0;3464;511 
 2408;87;828;0;3465;511 
 2506;89;828;0;3466;511 
 2327;90;828;0;3467;481 
 2316;92;843;0;3468;481 
 2457;94;843;0;3469;481 
 2423;95;861;0;3470;481 
 2406;98;861;0;3470;481 
 2504;99;866;0;3471;451 
 2293;101;866;0;3472;451 
 2489;102;866;0;3473;451 
 2445;105;884;0;3474;451 
 2312;106;884;0;3474;451 
 2370;108;902;0;3475;418 
 2277;110;902;0;3476;418 
 2282;111;918;0;3477;418 
 2396;114;918;0;3478;418 
 2367;115;931;0;3478;418 
 2306;118;931;0;3479;382 
 2356;119;936;0;3480;382 
 2240;121;936;0;3481;382 
 2346;123;955;0;3482;382 
 2410;125;955;0;3482;382 
 2294;127;972;0;3482;382 
 2392;129;972;0;3483;350 
 2232;130;972;0;3484;350 
 2303;133;992;0;3485;350 
 2387;134;992;0;3485;350 
 2231;137;1003;0;3486;350 
 2298;138;1003;0;3486;350 
 2195;141;1003;0;3487;314 
 2349;143;1020;0;3487;314 
 2361;145;1020;0;3488;314 
 2283;147;1037;0;3489;314 
 2385;149;1037;0;3490;314 
 2146;151;1051;0;3490;314 
 2259;154;1051;0;3490;314 
 2260;155;1062;0;3491;274 
 2214;158;1062;0;3491;274 
 2285;159;1061;0;3492;274 
 2206;162;1061;0;3492;274 
 2204;164;1076;0;3493;274 
 2160;166;1076;0;3493;274 
 2264;168;1092;0;3494;274 
 2128;170;1092;0;3494;274 
 2133;173;1103;0;3494;274 
 2244;175;1112;0;3495;233 
 2141;177;1112;0;3495;233 
 2210;179;1112;0;3496;233 
 2122;182;1112;0;3496;233 
 2160;184;1125;0;3497;233 
 2112;186;1125;0;3497;233 
 2162;188;1144;0;3498;233 
 2031;190;1144;0;3498;233 
 2112;193;1154;0;3498;233 
 2154;195;1164;0;3498;233 
 2125;198;1164;0;3498;233 
 2112;200;1162;0;3499;189 
 2161;202;1162;0;3499;189 
 2192;205;1179;0;3499;189 
 2151;207;1194;0;3500;189 
 2116;210;1194;0;3500;189 
 1976;212;1204;0;3501;189 
 2134;214;1204;0;3501;189 
 2166;217;1213;0;3501;189 
 2178;219;1210;0;3502;189 
 2055;222;1210;0;3502;189 
 2073;224;1225;0;3502;189 
 2064;226;1225;0;3502;189 
 2122;229;1238;0;3502;189 
 1943;231;1248;0;3502;189 
 2037;234;1248;0;3502;189 
 2030;236;1255;0;3503;134 
 2058;239;1251;0;3503;134 
 1970;242;1251;0;3503;134 
 1997;244;1257;0;3503;134 
 1979;246;1257;0;3503;134 
 2042;249;1273;0;3504;134 
 1916;251;1275;0;3504;134 
 2041;254;1275;0;3504;134 
 1997;257;1284;0;3504;134 
 2057;259;1280;0;3505;134 
 1980;262;1280;0;3505;134 
 2044;264;1290;0;3505;134 
 2015;267;1300;0;3505;134 
 1978;270;1300;0;3505;134 
 1882;272;1309;0;3505;134 
 2012;274;1309;0;3505;134 
 1940;278;1317;0;3505;134 
 1936;280;1311;0;3505;134 
 2005;282;1311;0;3505;134 
 1998;286;1322;0;3505;134 
 1967;288;1333;0;3505;134 
 1882;290;1333;0;3505;134 
 1967;294;1337;0;3505;134 
 1908;296;1346;0;3505;134 
 1991;298;1346;0;3505;134 
 1896;302;1337;0;3505;134 
 1926;304;1346;0;3505;134 
 1900;306;1346;0;3505;134 
 1939;310;1355;0;3505;134 
 1829;312;1362;0;3505;134 
 1934;315;1362;0;3505;134 
 1873;318;1362;0;3505;134 
 1875;320;1367;0;3505;134 
 1921;323;1369;0;3505;134 
 1928;326;1369;0;3505;134 
 1950;329;1381;0;3505;134 
 1850;331;1388;0;3505;134 
 1884;334;1388;0;3505;134 
 1866;337;1396;0;3505;134 
 1885;339;1386;0;3505;134 
 1885;342;1386;0;3505;134 
 1924;345;1398;0;3505;134 
 1901;348;1408;0;3505;134 
 1812;350;1408;0;3505;134 
 1835;354;1415;0;3505;134 
 1789;357;1423;0;3505;134 
 1868;359;1410;0;3505;134 
 1841;362;1410;0;3505;134 
 1921;365;1423;0;3505;134 
 1859;368;1431;0;3505;134 
 1754;370;1431;0;3505;134 
 1808;374;1433;0;3505;134 
 1786;376;1441;0;3505;134 
 1859;379;1426;0;3505;134 
 1812;382;1426;0;3505;134 
 1863;385;1438;0;3505;134 
 1825;388;1449;0;3505;134 
 1738;390;1449;0;3505;134 
 1764;394;1454;0;3505;134 
 1737;397;1462;0;3505;134 
 1810;399;1451;0;3505;134 
 1769;402;1451;0;3505;134 
 1828;406;1462;0;3505;134 
 1825;408;1473;0;3505;134 
 1730;411;1478;0;3505;134 
 1766;414;1478;0;3505;134 
 1694;417;1489;0;3505;134 
 1750;420;1473;0;3505;134 
 1764;423;1486;0;3505;134 
 1765;426;1486;0;3505;134 
 1805;429;1498;0;3505;134 
 1638;432;1503;0;3505;134 
 1760;435;1509;0;3505;134 
 1718;438;1509;0;3505;134 
 1696;441;1492;0;3505;134 
 1708;444;1506;0;3505;134 
 1737;447;1518;0;3505;134 
 1702;450;1518;0;3505;134 
 1753;453;1520;0;3505;134 
 1691;456;1526;0;3505;134 
 1779;459;1515;0;3505;134 
 1668;462;1515;0;3505;134 
 1718;465;1523;0;3505;134 
 1706;468;1535;0;3505;134 
 1644;471;1541;0;3505;134 
 1731;474;1541;0;3505;134 
 1665;478;1544;0;3505;134 
 1666;481;1532;0;3505;134 
 1649;483;1544;0;3505;134 
 1652;486;1544;0;3505;134 
 1656;490;1553;0;3505;134 
 1634;493;1562;0;3505;134 
 1637;496;1562;0;3505;134 
 1715;499;1553;0;3505;134 
 1622;502;1553;0;3505;134 
 1666;506;1562;0;3505;134 
 1660;508;1571;0;3505;134 
 1565;511;1577;0;3505;134 
 1693;514;1577;0;3505;134 
 1629;518;1581;0;3505;134 
 1596;521;1568;0;3505;134 
 1621;524;1577;0;3505;134 
 1666;527;1590;0;3505;134 
 1591;530;1590;0;3505;134 
 1617;534;1596;0;3505;134 
 1589;537;1600;0;3505;134 
 1636;540;1584;0;3505;134 
 1633;543;1596;0;3505;134 
 1625;546;1596;0;3505;134 
 1671;550;1606;0;3505;134 
 1598;553;1609;0;3505;134 
 1581;556;1616;0;3505;134 
 1678;559;1600;0;3505;134 
 1638;562;1600;0;3505;134 
 1635;566;1612;0;3505;134 
 1664;569;1619;0;3505;134 
 1544;572;1626;0;3505;134 
 1642;575;1629;0;3505;134 
 1624;578;1629;0;3505;134 
 1525;582;1612;0;3505;134 
 1605;585;1622;0;3505;134 
 1645;588;1632;0;3505;134 
 1559;591;1635;0;3505;134 
 1641;594;1635;0;3505;134 
 1626;598;1639;0;3505;134 
 1574;601;1622;0;3505;134 
 1568;605;1632;0;3505;134 
 1582;607;1642;0;3505;134 
 1553;611;1642;0;3505;134 
 1614;614;1642;0;3505;134 
 1579;618;1649;0;3505;134 
 1605;621;1632;0;3505;134 
 1570;624;1642;0;3505;134 
 1582;627;1649;0;3505;134 
 1522;630;1649;0;3505;134 
 1559;634;1649;0;3505;134 
 1562;637;1656;0;3505;134 
 1543;641;1635;0;3505;134 
 1550;643;1646;0;3505;134 
 1552;647;1652;0;3505;134 
 1508;650;1652;0;3505;134 
 1535;654;1659;0;3505;134 
 1482;657;1659;0;3505;134 
 1528;660;1646;0;3505;134 
 1507;663;1656;0;3505;134 
 1561;666;1656;0;3505;134 
 1522;670;1663;0;3505;134 
 1577;674;1666;0;3505;134 
 1548;677;1670;0;3505;134 
 1559;680;1652;0;3505;134 
 1495;683;1663;0;3505;134 
 1486;686;1663;0;3505;134 
 1503;690;1670;0;3505;134 
 1512;694;1677;0;3505;134 
 1522;697;1677;0;3505;134 
 1547;700;1659;0;3505;134 
 1520;703;1666;0;3505;134 
 1483;706;1666;0;3505;134 
 1489;710;1677;0;3505;134 
 1495;714;1680;0;3505;134 
 1493;717;1687;0;3505;134 
 1536;720;1666;0;3505;134 
 1512;723;1680;0;3505;134 
 1493;726;1680;0;3505;134 
 1471;730;1687;0;3505;134 
 1479;734;1694;0;3505;134 
 1460;737;1694;0;3505;134 
 1518;740;1680;0;3505;134 
 1481;743;1691;0;3505;134 
 1449;747;1702;0;3505;134 
 1435;750;1702;0;3505;134 
 1478;754;1705;0;3505;134 
 1468;757;1705;0;3505;134 
 1506;761;1691;0;3505;134 
 1485;764;1702;0;3505;134 
 1490;767;1709;0;3505;134 
 1483;770;1709;0;3505;134 
 1510;774;1713;0;3505;134 
 1529;778;1720;0;3505;134 
 1532;781;1698;0;3505;134 
 1525;784;1709;0;3505;134 
 1513;787;1716;0;3505;134 
 1480;791;1720;0;3505;134 
 1587;794;1720;0;3505;134 
 1551;798;1724;0;3505;134 
 1533;802;1713;0;3505;134 
 1574;805;1713;0;3505;134 
 1559;808;1724;0;3505;134 
 1506;811;1731;0;3505;134 
 1597;815;1731;0;3505;134 
 1620;818;1731;0;3505;134 
 1526;822;1716;0;3505;134 
 1523;826;1724;0;3505;134 
 1568;829;1735;0;3505;134 
 1510;832;1739;0;3505;134 
 1534;836;1742;0;3505;134 
 1585;839;1724;0;3505;134 
 1553;842;1724;0;3505;134 
 1429;846;1739;0;3505;134 
 1480;850;1742;0;3505;134 
 1504;853;1750;0;3505;134 
 1491;857;1754;0;3505;134 
 1509;860;1735;0;3505;134 
 1491;863;1746;0;3505;134 
 1448;867;1758;0;3505;134 
 1400;870;1758;0;3505;134 
 1468;874;1762;0;3505;134 
 1439;878;1762;0;3505;134 
 1437;881;1746;0;3505;134 
 1468;885;1758;0;3505;134 
 1457;888;1762;0;3505;134 
 1384;891;1769;0;3505;134 
 1481;895;1773;0;3505;134 
 1470;898;1773;0;3505;134 
 1421;902;1750;0;3505;134 
 1453;906;1762;0;3505;134 
 1496;909;1766;0;3505;134 
 1410;913;1773;0;3505;134 
 1452;916;1773;0;3505;134 
 1469;919;1754;0;3505;134 
 1419;923;1762;0;3505;134 
 1366;926;1762;0;3505;134 
 1379;930;1773;0;3505;134 
 1416;934;1773;0;3505;134 
 1451;938;1773;0;3505;134 
 1438;941;1758;0;3505;134 
 1427;944;1766;0;3505;134 
 1383;948;1769;0;3505;134 
 1347;951;1777;0;3505;134 
 1485;955;1766;0;3505;134 
 1503;958;1766;0;3505;134 
 1436;962;1769;0;3505;134 
 1479;966;1766;0;3505;134 
 1500;969;1777;0;3505;134 
 1434;973;1777;0;3505;134 
 1417;976;1777;0;3505;134 
 1472;979;1762;0;3505;134 
 1440;983;1769;0;3505;134 
 1420;986;1769;0;3505;134 
 1436;990;1781;0;3505;134 
 1431;994;1777;0;3505;134 
 1444;997;1785;0;3505;134 
 1435;1001;1766;0;3505;134 
 1434;1004;1773;0;3505;134 
 1410;1008;1781;0;3505;134 
 1397;1011;1785;0;3505;134 
 1496;1015;1785;0;3505;134 
 1461;1018;1785;0;3505;134 
 1409;1022;1769;0;3505;134 
 1419;1026;1777;0;3505;134 
 1438;1029;1785;0;3505;134 
 1403;1033;1789;0;3505;134 
 1408;1036;1793;0;3505;134 
 1432;1040;1773;0;3505;134 
 1438;1043;1781;0;3505;134 
 1401;1047;1781;0;3505;134 
 1388;1050;1781;0;3505;134 
 1446;1054;1805;0;3505;134 
 1372;1058;1801;0;3505;134 
 1380;1061;1777;0;3505;134 
 1460;1065;1789;0;3505;134 
 1449;1068;1797;0;3505;134 
 1394;1072;1805;0;3505;134 
 1441;1075;1805;0;3505;134 
 1451;1079;1785;0;3505;134 
 1448;1082;1785;0;3505;134 
 1386;1086;1797;0;3505;134 
 1405;1090;1805;0;3505;134 
 1404;1094;1809;0;3505;134 
 1369;1097;1814;0;3505;134 
 1443;1101;1793;0;3505;134 
 1438;1104;1805;0;3505;134 
 1402;1108;1814;0;3505;134 
 1351;1111;1818;0;3505;134 
 1468;1115;1818;0;3505;134 
 1441;1118;1818;0;3505;134 
 1426;1122;1797;0;3505;134 
 1400;1126;1809;0;3505;134 
 1441;1130;1818;0;3505;134 
 1404;1133;1822;0;3505;134 
 1357;1137;1826;0;3505;134 
 1393;1140;1805;0;3505;134 
 1415;1144;1814;0;3505;134 
 1408;1147;1822;0;3505;134 
 1380;1151;1826;0;3505;134 
 1452;1154;1826;0;3505;134 
 1414;1158;1830;0;3505;134 
 1369;1162;1809;0;3505;134 
 1402;1166;1818;0;3505;134 
 1433;1170;1826;0;3505;134 
 1399;1173;1830;0;3505;134 
 1394;1177;1834;0;3505;134 
 1422;1180;1809;0;3505;134 
 1406;1184;1826;0;3505;134 
 1384;1187;1834;0;3505;134 
 1356;1191;1830;0;3505;134 
 1452;1194;1830;0;3505;134 
 1439;1198;1834;0;3505;134 
 1432;1202;1818;0;3505;134 
 1446;1206;1826;0;3505;134 
 1431;1210;1834;0;3505;134 
 1390;1213;1839;0;3505;134 
 1355;1217;1839;0;3505;134 
 1389;1220;1822;0;3505;134 
 1403;1224;1826;0;3505;134 
 1372;1227;1839;0;3505;134 
 1367;1231;1839;0;3505;134 
 1435;1235;1830;0;3505;134 
 1416;1238;1830;0;3505;134 
 1354;1242;1826;0;3505;134 
 1390;1246;1830;0;3505;134 
 1416;1250;1834;0;3505;134 
 1398;1253;1839;0;3505;134 
 1376;1257;1839;0;3505;134 
 1395;1260;1818;0;3505;134 
 1400;1264;1826;0;3505;134 
 1406;1267;1839;0;3505;134 
 1354;1271;1839;0;3505;134 
 1447;1275;1839;0;3505;134 
 1431;1278;1839;0;3505;134 
 1406;1282;1826;0;3505;134 
 1373;1286;1830;0;3505;0 
 1377;1290;1843;0;3505;0 
 1386;1294;1843;0;3505;0 
 1322;1297;1847;0;3505;0 
 1380;1301;1830;0;3505;0 
 1419;1304;1834;0;3505;0 
 1359;1308;1847;0;3505;0 
 1356;1311;1847;0;3505;0 
 1439;1315;1851;0;3505;0 
 1421;1319;1839;0;3505;0 
 1419;1322;1839;0;3505;0 
 1366;1326;1834;0;3505;0 
 1365;1330;1851;0;3505;0 
 1397;1334;1851;0;3505;0 
 1374;1338;1856;0;3505;0 
 1412;1341;1834;0;3505;0 
 1436;1345;1847;0;3505;0 
 1395;1348;1851;0;3505;0 
 1332;1352;1860;0;3505;0 
 1372;1355;1864;0;3505;0 
 1403;1359;1839;0;3505;0 
 1435;1363;1851;0;3505;0 
 1382;1366;1851;0;3505;0 
 1354;1370;1860;0;3505;0 
 1399;1374;1869;0;3505;0 
 1339;1378;1869;0;3505;0 
 1346;1382;1847;0;3505;0 
 1400;1386;1856;0;3505;0 
 1404;1389;1869;0;3505;0 
 1376;1393;1869;0;3505;0 
 1376;1397;1877;0;3505;0 
 1377;1400;1851;0;3505;0 
 1356;1404;1864;0;3505;0 
 1331;1407;1873;0;3505;0 
 1332;1411;1877;0;3505;0 
 1420;1415;1873;0;3505;0 
 1403;1418;1873;0;3505;0 
 1428;1422;1860;0;3505;0 
 1348;1426;1864;0;3505;0 
 1343;1430;1873;0;3505;0 
 1364;1434;1877;0;3505;0 
 1322;1438;1877;0;3505;0 
 1375;1441;1860;0;3505;0 
 1413;1445;1869;0;3505;0 
 1380;1449;1873;0;3505;0 
 1307;1452;1877;0;3505;0 
 1328;1456;1882;0;3505;0 
 1362;1460;1860;0;3505;0 
 1376;1463;1869;0;3505;0 
 1340;1467;1877;0;3505;0 
 1324;1471;1877;0;3505;0 
 1389;1474;1877;0;3505;0 
 1350;1478;1886;0;3505;0 
 1345;1482;1860;0;3505;0 
 1352;1486;1873;0;3505;0 
 1356;1490;1877;0;3505;0 
 1366;1494;1886;0;3505;0 
 1343;1497;1886;0;3505;0 
 1376;1501;1864;0;3505;0 
 1396;1505;1873;0;3505;0 
 1338;1508;1886;0;3505;0 
 1291;1512;1886;0;3505;0 
 1346;1516;1891;0;3505;0 
 1364;1519;1869;0;3505;0 
 1343;1523;1877;0;3505;0 
 1331;1527;1886;0;3505;0 
 1327;1530;1886;0;3505;0 
 1400;1534;1895;0;3505;0 
 1375;1538;1891;0;3505;0 
 1311;1542;1877;0;3505;0 
 1313;1546;1882;0;3505;0 
 1338;1550;1895;0;3505;0 
 1360;1554;1895;0;3505;0 
 1320;1557;1900;0;3505;0 
 1355;1561;1882;0;3505;0 
 1386;1565;1891;0;3505;0 
 1388;1569;1895;0;3505;0 
 1318;1572;1900;0;3505;0 
 1352;1576;1904;0;3505;0 
 1358;1580;1877;0;3505;0 
 1364;1583;1895;0;3505;0 
 1317;1587;1895;0;3505;0 
 1322;1591;1904;0;3505;0 
 1389;1595;1904;0;3505;0 
 1375;1598;1904;0;3505;0 
 1378;1602;1886;0;3505;0 
 1326;1606;1891;0;3505;0 
 1338;1610;1904;0;3505;0 
 1354;1614;1904;0;3505;0 
 1315;1618;1904;0;3505;0 
 1316;1622;1886;0;3505;0 
 1353;1625;1895;0;3505;0 
 1359;1629;1904;0;3505;0 
 1330;1633;1904;0;3505;0 
 1306;1637;1909;0;3505;0 
 1331;1640;1886;0;3505;0 
 1336;1644;1895;0;3505;0 
 1300;1648;1904;0;3505;0 
 1296;1651;1904;0;3505;0 
 1368;1655;1904;0;3505;0 
 1371;1659;1886;0;3505;0 
 1369;1663;1895;0;3505;0 
 1316;1666;1895;0;3505;0 
 1313;1670;1904;0;3505;0 
 1370;1674;1904;0;3505;0 
 1332;1678;1913;0;3505;0 
 1322;1682;1886;0;3505;0 
 1333;1686;1900;0;3505;0 
 1363;1690;1909;0;3505;0 
 1372;1694;1909;0;3505;0 
 1322;1697;1913;0;3505;0 
 1350;1701;1891;0;3505;0 
 1355;1705;1900;0;3505;0 
 1352;1708;1913;0;3505;0 
 1297;1712;1913;0;3505;0 
 1269;1716;1918;0;3505;0 
 1283;1720;1891;0;3505;0 
 1316;1723;1904;0;3505;0 
 1284;1727;1913;0;3505;0 
 1326;1731;1913;0;3505;0 
 1391;1735;1918;0;3505;0 
 1355;1738;1918;0;3505;0 
 1319;1742;1895;0;3505;0 
 1254;1746;1909;0;3505;0 
 1312;1750;1913;0;3505;0 
 1349;1754;1913;0;3505;0 
 1312;1758;1918;0;3505;0 
 1306;1762;1891;0;3505;0 
 1344;1766;1904;0;3505;0 
 1342;1769;1913;0;3505;0 
 1326;1773;1913;0;3505;0 
 1312;1777;1913;0;3505;0 
 1345;1781;1900;0;3505;0 
 1357;1784;1900;0;3505;0 
 1313;1788;1913;0;3505;0 
 1267;1792;1918;0;3505;0 
 1310;1796;1918;0;3505;0 
 1312;1799;1900;0;3505;0 
 1330;1803;1909;0;3505;0 
 1280;1807;1918;0;3505;0 
 1292;1811;1923;0;3505;0 
 1352;1814;1923;0;3505;0 
 1337;1818;1927;0;3505;0 
 1318;1822;1904;0;3505;0 
 1283;1826;1913;0;3505;0 
 1307;1830;1932;0;3505;0 
 1322;1834;1923;0;3505;0 
 1295;1838;1932;0;3505;0 
 1285;1842;1913;0;3505;0 
 1320;1846;1918;0;3505;0 
 1331;1850;1932;0;3505;0 
 1328;1853;1937;0;3505;0 
 1278;1857;1937;0;3505;0 
 1301;1861;1913;0;3505;0 
 1341;1865;1927;0;3505;0 
 1318;1869;1932;0;3505;0 
 1300;1872;1941;0;3505;0 
 1303;1876;1937;0;3505;0 
 1307;1880;1923;0;3505;0 
 1289;1884;1927;0;3505;0 
 1268;1887;1937;0;3505;0 
 1296;1891;1937;0;3505;0 
 1325;1895;1941;0;3505;0 
 1324;1899;1918;0;3505;0 
 1319;1903;1927;0;3505;0 
 1255;1907;1932;0;3505;0 
 1244;1910;1932;0;3505;0 
 1320;1914;1937;0;3505;0 
 1301;1918;1937;0;3505;0 
 1307;1922;1918;0;3505;0 
 1266;1926;1923;0;3505;0 
 1270;1930;1932;0;3505;0 
 1282;1934;1937;0;3505;0 
 1224;1938;1937;0;3505;0 
 1220;1942;1913;0;3505;0 
 1294;1946;1932;0;3505;0 
 1355;1949;1927;0;3505;0 
 1318;1953;1932;0;3505;0 
 1279;1957;1937;0;3505;0 
 1292;1961;1913;0;3505;0 
 1330;1965;1923;0;3505;0 
 1324;1968;1932;0;3505;0 
 1306;1972;1937;0;3505;0 
 1317;1976;1932;0;3505;0 
 1301;1980;1913;0;3505;0 
 1299;1983;1923;0;3505;0 
 1291;1987;1932;0;3505;0 
 1311;1991;1932;0;3505;0 
 1348;1995;1937;0;3505;0 
 1345;1999;1913;0;3505;0 
 1325;2003;1918;0;3505;0 
 1260;2006;1918;0;3505;0 
 1258;2010;1937;0;3505;0 
 1334;2014;1937;0;3505;0 
 1343;2018;1932;0;3505;0 
 1284;2022;1913;0;3505;0 
 1302;2026;1927;0;3505;0 
 1298;2030;1932;0;3505;0 
 1295;2034;1932;0;3505;0 
 1259;2038;1937;0;3505;0 
 1252;2042;1918;0;3505;0 
 1320;2045;1927;0;3505;0 
 1319;2049;1932;0;3505;0 
 1303;2053;1941;0;3505;0 
 1291;2057;1941;0;3505;0 
 1290;2061;1918;0;3505;0 
 1312;2064;1932;0;3505;0 
 1276;2068;1937;0;3505;0 
 1267;2072;1941;0;3505;0 
 1284;2076;1941;0;3505;0 
 1282;2080;1923;0;3505;0 
 1274;2083;1937;0;3505;0 
 1245;2087;1937;0;3505;0 
 1256;2091;1946;0;3505;0 
 1332;2095;1946;0;3505;0 
 1334;2099;1927;0;3505;0 
 1326;2103;1937;0;3505;0 
 1271;2106;1937;0;3505;0 
 1287;2110;1941;0;3505;0 
 1328;2114;1951;0;3505;0 
 1283;2118;1951;0;3505;0 
 1254;2122;1927;0;3505;0 
 1260;2126;1937;0;3505;0 
 1280;2130;1946;0;3505;0 
 1296;2134;1951;0;3505;0 
 1266;2138;1955;0;3505;0 
 1246;2142;1932;0;3505;0 
 1282;2146;1937;0;3505;0 
 1302;2150;1951;0;3505;0 
 1295;2154;1951;0;3505;0 
 1288;2157;1955;0;3505;0 
 1288;2161;1932;0;3505;0 
 1344;2165;1946;0;3505;0 
 1322;2169;1946;0;3505;0 
 1274;2173;1955;0;3505;0 
 1249;2177;1955;0;3505;0 
 1296;2180;1932;0;3505;0 
 1301;2184;1946;0;3505;0 
 1272;2188;1951;0;3505;0 
 1244;2192;1955;0;3505;0 
 1277;2196;1955;0;3505;0 
 1289;2199;1937;0;3505;0 
 1288;2203;1941;0;3505;0 
 1255;2207;1955;0;3505;0 
 1270;2211;1951;0;3505;0 
 1328;2215;1955;0;3505;0 
 1343;2219;1932;0;3505;0 
 1320;2223;1937;0;3505;0 
 1264;2226;1937;0;3505;0 
 1294;2230;1946;0;3505;0 
 1345;2234;1951;0;3505;0 
 1313;2238;1951;0;3505;0 
 1280;2242;1927;0;3505;0 
 1251;2246;1941;0;3505;0 
 1249;2250;1946;0;3505;0 
 1281;2254;1951;0;3505;0 
 1263;2258;1951;0;3505;0 
 1261;2262;1927;0;3505;0 
 1308;2266;1941;0;3505;0 
 1284;2270;1946;0;3505;0 
 1281;2274;1951;0;3505;0 
 1265;2277;1951;0;3505;0 
 1290;2281;1927;0;3505;0 
 1334;2285;1937;0;3505;0 
 1324;2289;1946;0;3505;0 
 1299;2293;1946;0;3505;0 
 1289;2297;1946;0;3505;0 
 1267;2300;1927;0;3505;0 
 1295;2304;1932;0;3505;0 
 1280;2308;1941;0;3505;0 
 1255;2312;1946;0;3505;0 
 1298;2315;1951;0;3505;0 
 1318;2319;1923;0;3505;0 
 1307;2323;1937;0;3505;0 
 1246;2327;1946;0;3505;0 
 1242;2331;1946;0;3505;0 
 1330;2335;1955;0;3505;0 
 1333;2339;1927;0;3505;0 
 1322;2342;1927;0;3505;0 
 1276;2346;1941;0;3505;0 
 1237;2350;1951;0;3505;0 
 1318;2354;1955;0;3505;0 
 1307;2358;1955;0;3505;0 
 1280;2362;1932;0;3505;0 
 1270;2366;1946;0;3505;0 
 1252;2370;1955;0;3505;0 
 1266;2374;1955;0;3505;0 
 1249;2378;1960;0;3505;0 
 1254;2382;1941;0;3505;0 
 1297;2386;1951;0;3505;0 
 1290;2390;1955;0;3505;0 
 1288;2394;1960;0;3505;0 
 1265;2397;1970;0;3505;0 
 1282;2401;1937;0;3505;0 
 1331;2405;1955;0;3505;0 
 1303;2409;1960;0;3505;0 
 1286;2413;1970;0;3505;0 
 1291;2417;1965;0;3505;0 
 1307;2421;1946;0;3505;0 
 1334;2425;1955;0;3505;0 
 1273;2428;1965;0;3505;0 
 1260;2432;1965;0;3505;0 
 1285;2436;1970;0;3505;0 
 1304;2440;1951;0;3505;0 
 1296;2444;1955;0;3505;0 
 1271;2448;1970;0;3505;0 
 1247;2452;1970;0;3505;0 
 1298;2455;1970;0;3505;0 
 1311;2459;1955;0;3505;0 
 1305;2463;1960;0;3505;0 
 1265;2467;1965;0;3505;0 
 1255;2471;1975;0;3505;0 
 1317;2475;1975;0;3505;0 
 1321;2479;1951;0;3505;0 
 1317;2483;1965;0;3505;0 
 1253;2487;1970;0;3505;0 
 1264;2491;1970;0;3505;0 
 1309;2495;1965;0;3505;0 
 1320;2498;1965;0;3505;0 
 1306;2502;1960;0;3505;0 
 1212;2506;1960;0;3505;0 
 1215;2510;1970;0;3505;0 
 1301;2514;1970;0;3505;0 
 1311;2518;1970;0;3505;0 
 1288;2522;1951;0;3505;0 
 1270;2526;1960;0;3505;0 
 1236;2530;1965;0;3505;0 
 1269;2534;1965;0;3505;0 
 1262;2538;1965;0;3505;0 
 1253;2542;1946;0;3505;0 
 1307;2546;1955;0;3505;0 
 1335;2550;1960;0;3505;0 
 1291;2554;1960;0;3505;0 
 1274;2558;1965;0;3505;0 
 1252;2561;1941;0;3505;0 
 1301;2565;1946;0;3505;0 
 1313;2569;1955;0;3505;0 
 1317;2573;1960;0;3505;0 
 1312;2577;1960;0;3505;0 
 1305;2581;1937;0;3505;0 
 1334;2585;1946;0;3505;0 
 1283;2588;1955;0;3505;0 
 1254;2592;1960;0;3505;0 
 1295;2596;1960;0;3505;0 
 1296;2600;1937;0;3505;0 
 1296;2604;1951;0;3505;0 
 1245;2608;1955;0;3505;0 
 1247;2611;1960;0;3505;0 
 1294;2615;1965;0;3505;0 
 1325;2619;1941;0;3505;0 
 1314;2623;1951;0;3505;0 
 1262;2627;1955;0;3505;0 
 1250;2631;1970;0;3505;0 
 1317;2635;1965;0;3505;0 
 1332;2639;1941;0;3505;0 
 1334;2642;1941;0;3505;0 
 1267;2646;1955;0;3505;0 
 1263;2650;1965;0;3505;0 
 1342;2654;1970;0;3505;0 
 1341;2658;1975;0;3505;0 
 1317;2662;1951;0;3505;0 
 1281;2666;1960;0;3505;0 
 1243;2670;1970;0;3505;0 
 1302;2674;1980;0;3505;0 
 1294;2678;1975;0;3505;0 
 1280;2682;1960;0;3505;0 
 1280;2686;1965;0;3505;0 
 1245;2690;1980;0;3505;0 
 1269;2694;1980;0;3505;0 
 1236;2698;1985;0;3505;0 
 1256;2702;1960;0;3505;0 
 1287;2706;1970;0;3505;0 
 1286;2710;1980;0;3505;0 
 1282;2714;1985;0;3505;0 
 1247;2718;1985;0;3505;0 
 1258;2722;1965;0;3505;0 
 1309;2726;1975;0;3505;0 
 1304;2730;1980;0;3505;0 
 1288;2733;1985;0;3505;0 
 1281;2737;1990;0;3505;0 
 1303;2741;1965;0;3505;0 
 1337;2745;1970;0;3505;0 
 1309;2749;1980;0;3505;0 
 1289;2753;1985;0;3505;0 
 1278;2757;1985;0;3505;0 
 1282;2761;1965;0;3505;0 
 1327;2765;1970;0;3505;0 
 1245;2769;1980;0;3505;0 
 1223;2773;1985;0;3505;0 
 1214;2777;1985;0;3505;0 
 1236;2780;1965;0;3505;0 
 1284;2784;1970;0;3505;0 
 1250;2788;1985;0;3505;0 
 1235;2792;1980;0;3505;0 
 1213;2796;1990;0;3505;0 
 1184;2800;1965;0;3505;0 
 1234;2804;1970;0;3505;0 
 1230;2808;1980;0;3505;0 
 1231;2812;1985;0;3505;0 
 1270;2816;1985;0;3505;0 
 1260;2819;1960;0;3505;0 
 1223;2823;1970;0;3505;0 
 1170;2827;1980;0;3505;0 
 1202;2831;1980;0;3505;0 
 1279;2835;1985;0;3505;0 
 1285;2839;1960;0;3505;0 
 1277;2843;1980;0;3505;0 
 1214;2847;1970;0;3505;0 
 1217;2851;1985;0;3505;0 
 1284;2855;1985;0;3505;0 
 1250;2859;1960;0;3505;0 
 1273;2863;1970;0;3505;0 
 1221;2867;1985;0;3505;0 
 1254;2871;1975;0;3505;0 
 1308;2874;1975;0;3505;0 
 1261;2878;1995;0;3505;0 
 1267;2882;1965;0;3505;0 
 1190;2886;1975;0;3505;0 
 1237;2890;1980;0;3505;0 
 1316;2894;1985;0;3505;0 
 1267;2898;1990;0;3505;0 
 1262;2902;1965;0;3505;0 
 1201;2906;1980;0;3505;0 
 1227;2910;1985;0;3505;0 
 1296;2914;1985;0;3505;0 
 1253;2918;1990;0;3505;0 
 1232;2922;1970;0;3505;0 
 1218;2926;1975;0;3505;0 
 1253;2930;1985;0;3505;0 
 1282;2934;1990;0;3505;0 
 1259;2938;1990;0;3505;0 
 1256;2942;1965;0;3505;0 
 1287;2946;1975;0;3505;0 
 1298;2950;1980;0;3505;0 
 1276;2954;1985;0;3505;0 
 1238;2958;1990;0;3505;0 
 1234;2962;1960;0;3505;0 
 1299;2966;1975;0;3505;0 
 1282;2970;1980;0;3505;0 
 1284;2974;1985;0;3505;0 
 1246;2977;1985;0;3505;0 
 1248;2981;1960;0;3505;0 
 1323;2985;1975;0;3505;0 
 1297;2989;1980;0;3505;0 
 1290;2993;1985;0;3505;0 
 1254;2997;1985;0;3505;0 
 1262;3001;1965;0;3505;0 
 1325;3005;1975;0;3505;0 
 1286;3009;1980;0;3505;0 
 1278;3013;1985;0;3505;0 
 1267;3017;1985;0;3505;0 
 1249;3021;1965;0;3505;0 
 1310;3025;1975;0;3505;0 
 1266;3029;1980;0;3505;0 
 1242;3032;1985;0;3505;0 
 1204;3036;1990;0;3505;0 
 1210;3040;1960;0;3505;0 
 1269;3044;1980;0;3505;0 
 1249;3048;1975;0;3505;0 
 1260;3052;1990;0;3505;0 
 1248;3056;1985;0;3505;0 
 1224;3060;1965;0;3505;0 
 1205;3064;1970;0;3505;0 
 1127;3068;1980;0;3505;0 
 1214;3071;1985;0;3505;0 
 1279;3075;1985;0;3505;0 
 1282;3079;1960;0;3505;0 
 1275;3083;1970;0;3505;0 
 1182;3087;1980;0;3505;0 
 1168;3091;1980;0;3505;0 
 1253;3095;1985;0;3505;0 
 1259;3099;1955;0;3505;0 
 1259;3103;1970;0;3505;0 
 1197;3107;1975;0;3505;0 
 1239;3111;1980;0;3505;0 
 1284;3115;1980;0;3505;0 
 1229;3118;1980;0;3505;0 
 1222;3122;1960;0;3505;0 
 1162;3126;1965;0;3505;0 
 1237;3130;1975;0;3505;0 
 1286;3134;1980;0;3505;0 
 1247;3138;1985;0;3505;0 
 1234;3142;1960;0;3505;0 
 1175;3146;1970;0;3505;0 
 1224;3150;1975;0;3505;0 
 1278;3154;1985;0;3505;0 
 1260;3158;1980;0;3505;0 
 1248;3162;1965;0;3505;0 
 1235;3166;1970;0;3505;0 
 1254;3170;1975;0;3505;0 
 1271;3174;1985;0;3505;0 
 1192;3178;1985;0;3505;0 
 1222;3182;1960;0;3505;0 
 1275;3186;1970;0;3505;0 
 1283;3190;1980;0;3505;0 
 1282;3194;1980;0;3505;0 
 1210;3198;1985;0;3505;0 
 1214;3202;1965;0;3505;0 
 1270;3206;1970;0;3505;0 
 1295;3210;1980;0;3505;0 
 1300;3214;1980;0;3505;0 
 1242;3217;1985;0;3505;0 
 1235;3221;1960;0;3505;0 
 1291;3225;1970;0;3505;0 
 1268;3229;1980;0;3505;0 
 1284;3233;1985;0;3505;0 
 1255;3237;1980;0;3505;0 
 1264;3241;1960;0;3505;0 
 1315;3245;1970;0;3505;0 
 1282;3249;1980;0;3505;0 
 1298;3253;1980;0;3505;0 
 1270;3257;1985;0;3505;0 
 Tapez  1 pour afficher les mesures, 2 pour acquisition avant, 3 pour acquisition arriere
 