Tapez  1 pour afficher les mesures, 2 pour acquisition avant, 3 pour acquisition arriere:
Acquisition ... fait
Tapez  1 pour afficher les mesures, 2 pour acquisition avant, 3 pour acquisition arriere:
Mesures en accel/decel
Acc_I;Acc_Pos;Acc_Vit;Dec_I;Dec_Pos;Dec_Vit
1706;0;12;1638;5461;2030
3156;0;12;4095;5465;2030
3624;0;12;4095;5469;2020
3771;0;12;4095;5473;2030
3813;0;12;4095;5477;2010
3822;0;12;4095;5481;1985
3818;0;12;4095;5485;1985
3811;0;12;4095;5489;1975
3803;0;12;4095;5492;1941
3794;1;12;4095;5496;1941
3786;1;12;4095;5500;1941
3777;1;12;4095;5504;1895
3768;2;12;4095;5508;1900
3760;2;12;4095;5511;1900
3751;2;12;4095;5515;1873
3743;3;12;4095;5519;1847
3734;3;12;4095;5523;1860
3725;3;12;4095;5526;1830
3717;4;12;4095;5530;1814
3708;4;12;4095;5533;1814
3700;5;12;4095;5537;1809
3692;5;12;4095;5541;1805
3683;6;216;4095;5544;1773
3675;7;216;4095;5548;1766
3667;7;216;4095;5551;1769
3658;8;216;4095;5554;1731
3650;8;216;4095;5558;1724
3642;9;216;4095;5561;1724
3634;10;309;4095;5565;1724
3627;10;309;4095;5568;1698
3619;11;309;4095;5571;1684
3612;12;309;4095;5575;1680
3604;13;309;4095;5578;1666
3597;13;309;4095;5581;1666
3589;14;375;4095;5585;1646
3582;15;375;4095;5588;1635
3575;16;375;4095;5591;1635
3568;17;375;4095;5594;1596
3560;18;430;4095;5597;1596
3553;19;430;4095;5601;1593
3546;20;430;4095;5604;1600
3539;21;430;4095;5607;1562
3532;22;476;4095;5610;1550
3525;23;476;4095;5613;1550
3518;24;476;4095;5616;1550
3512;25;476;4095;5619;1529
3505;26;517;4095;5622;1509
3498;27;517;4095;5625;1509
3491;28;517;4095;5628;1512
3485;29;517;4095;5631;1495
3478;30;554;4095;5634;1467
3471;31;554;4095;5637;1467
3465;33;554;4095;5640;1465
3458;34;589;4095;5643;1467
3451;35;589;4095;5646;1423
3445;36;589;4095;5648;1423
3438;37;589;4095;5651;1426
3432;39;621;4095;5654;1423
3425;40;621;4095;5657;1423
3419;41;621;4095;5660;1391
3413;43;649;4095;5662;1381
3407;44;649;4095;5665;1381
3401;45;649;4095;5668;1379
3395;47;677;4095;5670;1360
3389;48;677;4095;5673;1360
3383;50;703;4095;5676;1337
3377;51;703;4095;5678;1333
3371;52;703;4095;5681;1333
3365;54;728;4095;5684;1328
3359;55;728;4095;5686;1294
3353;57;728;4095;5689;1294
3348;58;750;4095;5691;1294
3342;60;750;4095;5694;1294
3336;61;750;4095;5696;1294
3330;63;773;4095;5699;1253
3325;65;773;4095;5701;1253
3319;66;795;4095;5704;1253
3314;68;795;4095;5706;1248
3308;70;816;4095;5709;1248
3303;71;816;4095;5711;1223
3297;73;816;4095;5714;1204
3292;75;834;4095;5716;1204
3286;76;834;4095;5718;1212
3281;78;855;4095;5721;1212
3275;80;855;4095;5723;1188
3270;81;855;4095;5725;1188
3264;83;869;4095;5728;1162
3259;85;869;4095;5730;1166
3254;87;890;4095;5732;1166
3248;89;890;4095;5735;1159
3243;90;906;4095;5737;1159
3238;92;906;4095;5739;1122
3233;94;922;4095;5741;1122
3228;96;922;4095;5744;1122
3223;98;937;4095;5746;1122
3218;100;937;4095;5748;1122
3213;102;954;4095;5750;1084
3208;103;954;4095;5752;1084
3203;105;954;4095;5754;1076
3199;107;968;4095;5757;1076
3194;109;968;4095;5759;1078
3189;111;984;4095;5761;1078
3184;113;984;4095;5763;1051
3179;115;998;4095;5765;1051
3175;117;998;4095;5767;1036
3170;119;1010;4095;5769;1036
3165;121;1010;4095;5771;1036
3161;123;1024;4095;5773;1036
3156;126;1038;4095;5775;1019
3152;128;1038;4095;5777;1019
3147;130;1048;4095;5779;992
3143;132;1048;4095;5781;992
3138;134;1065;4095;5783;992
3134;136;1065;4095;5785;992
3129;138;1073;4095;5787;990
3125;140;1073;4095;5789;990
3121;143;1084;4095;5791;947
3117;145;1084;4095;5792;947
3112;147;1100;4095;5794;948
3108;149;1100;4095;5796;948
3104;151;1108;4095;5798;950
3100;154;1122;4095;5800;950
3096;156;1122;4095;5802;913
3092;158;1128;4095;5804;913
3088;160;1128;4095;5805;913
3084;163;1144;4095;5807;906
3080;165;1144;4095;5809;906
3076;167;1151;4095;5811;907
3072;170;1162;4095;5813;907
3068;172;1162;4095;5814;881
3064;174;1169;4095;5816;881
3060;177;1169;4095;5818;863
3056;179;1181;4095;5819;863
3052;181;1181;4095;5821;863
3049;184;1194;4095;5823;862
3045;186;1203;4095;5825;862
3042;189;1203;4095;5826;851
3038;191;1206;4095;5828;851
3035;193;1206;4095;5829;851
3031;196;1221;4095;5831;820
3027;198;1226;4095;5833;820
3024;201;1226;4095;5834;817
3020;203;1236;4095;5836;817
3016;206;1244;4095;5838;819
3013;208;1244;4095;5839;819
3009;211;1253;4095;5841;819
3005;213;1253;4095;5842;776
3002;216;1261;4095;5844;776
2998;218;1271;4095;5845;776
2994;221;1271;4095;5847;776
2991;223;1280;4095;5848;776
2987;226;1284;4095;5850;776
2983;228;1284;4095;5851;776
2980;231;1294;4095;5853;776
2977;234;1300;4095;5854;744
2973;236;1300;4095;5856;744
2970;239;1307;4095;5857;744
2967;242;1320;4095;5859;733
2963;244;1320;4095;5860;733
2960;247;1322;4095;5862;733
2957;249;1322;4095;5863;733
2953;252;1328;4095;5865;733
2950;255;1340;4095;5866;712
2947;257;1340;4095;5867;712
2944;260;1342;4095;5869;712
2940;263;1353;4095;5870;690
2937;266;1360;4095;5871;690
2934;268;1360;4095;5873;690
2931;271;1365;4095;5874;690
2928;274;1369;4095;5876;690
2924;276;1369;4095;5877;690
2921;279;1374;4095;5878;680
2919;282;1386;4095;5879;680
2916;285;1386;4095;5881;680
2913;287;1391;4095;5882;647
2910;290;1396;4095;5883;647
2907;293;1396;4095;5885;647
2904;296;1401;4095;5886;647
2901;299;1408;4095;5887;647
2898;302;1408;4095;5888;647
2896;304;1413;4095;5890;647
2893;307;1426;4095;5891;647
2890;310;1426;4095;5892;647
2887;313;1426;4095;5893;647
2885;316;1428;4095;5895;606
2882;319;1438;4095;5896;606
2879;321;1438;4095;5897;606
2877;324;1446;4095;5898;603
2874;327;1449;4095;5899;603
2871;330;1454;4095;5901;603
2868;333;1454;4095;5902;604
2866;336;1459;4095;5903;604
2863;339;1459;4095;5904;604
2860;342;1473;4095;5905;604
2858;345;1473;4095;5906;574
2855;348;1473;4095;5907;574
2852;351;1484;4095;5909;574
2849;354;1484;4095;5910;561
2847;357;1484;4095;5911;561
2844;359;1484;4095;5912;561
2841;362;1498;4095;5913;561
2839;365;1498;4095;5914;561
2836;368;1503;4095;5915;561
2834;371;1503;4095;5916;561
2831;374;1512;4095;5917;561
2829;377;1512;4095;5918;542
2826;381;1509;4095;5919;542
2824;384;1515;4095;5920;542
2822;387;1523;4095;5921;542
2820;390;1529;4095;5922;517
2817;393;1529;4095;5924;517
2815;396;1538;4095;5925;517
2813;399;1535;4095;5926;517
2811;402;1535;4095;5927;517
2809;405;1535;4095;5928;517
2806;408;1550;4095;5929;517
2804;411;1544;4095;5930;511
2802;414;1556;4095;5931;511
2800;417;1556;4095;5932;511
2798;420;1556;4095;5932;511
2796;423;1565;4095;5933;511
2794;427;1562;4095;5934;474
2792;430;1571;4095;5935;474
2790;433;1571;4095;5936;474
2788;436;1577;4095;5937;474
2786;439;1574;4095;5938;474
2783;442;1577;4095;5939;474
2781;445;1577;4095;5940;474
2779;449;1593;4095;5941;474
2777;452;1584;4095;5942;474
2775;455;1600;4095;5943;474
2774;458;1590;4095;5944;474
2772;461;1590;4095;5945;474
2770;465;1606;4095;5945;474
2768;468;1600;4095;5946;436
2766;471;1612;4095;5947;436
2764;474;1606;4095;5948;436
2762;477;1606;4095;5949;436
2760;481;1622;4095;5950;431
2759;484;1612;4095;5951;431
2757;487;1622;4095;5951;431
2755;490;1626;4095;5952;431
2753;494;1629;4095;5953;431
2751;497;1629;4095;5954;431
2749;500;1635;4095;5955;431
2747;503;1635;4095;5956;431
2746;507;1635;4095;5956;431
2744;510;1646;4095;5957;431
2742;513;1646;4095;5958;404
2740;516;1642;4095;5959;404
2738;520;1649;4095;5959;404
2736;523;1652;4095;5960;404
2735;526;1652;4095;5961;404
2733;530;1656;4095;5962;388
2731;533;1656;4095;5963;388
2730;536;1659;4095;5963;388
2728;539;1666;4095;5964;388
2726;543;1666;4095;5965;388
2725;546;1677;4095;5966;387
2723;549;1677;4095;5966;387
2721;553;1666;4095;5967;387
2720;556;1673;4095;5968;387
2718;559;1684;4095;5969;387
2716;563;1680;4095;5969;387
2715;566;1684;4095;5970;373
2713;570;1691;4095;5971;373
2712;573;1691;4095;5971;373
2710;576;1691;4095;5972;373
2708;580;1691;4095;5973;373
2707;583;1698;4095;5973;373
2705;586;1698;4095;5974;344
2704;590;1698;4095;5975;344
2702;593;1698;4095;5976;344
2701;597;1698;4095;5976;344
2700;600;1709;4095;5977;344
2698;603;1713;4095;5978;345
2697;607;1709;4095;5978;345
2696;610;1716;4095;5979;345
2694;614;1713;4095;5980;345
2693;617;1713;4095;5980;345
2692;620;1724;4095;5981;345
2690;624;1716;4095;5982;342
2689;627;1731;4095;5982;342
2688;631;1724;4095;5983;342
2686;634;1731;4095;5983;342
2685;638;1724;4095;5984;342
2684;641;1724;4095;5985;342
2682;645;1742;4095;5985;342
2681;648;1731;4095;5986;301
2679;651;1739;4095;5986;301
2678;655;1742;4095;5987;301
2677;658;1739;4095;5988;301
2675;662;1750;4095;5988;301
2674;665;1750;4095;5989;301
2673;669;1750;4095;5989;301
2671;672;1750;4095;5990;302
2670;676;1746;4095;5991;302
2669;679;1758;4095;5991;302
2668;683;1758;4095;5992;302
2666;686;1758;4095;5993;302
2665;690;1758;4095;5993;302
2664;693;1758;4095;5994;302
2663;697;1769;4095;5994;302
2661;700;1758;4095;5995;302
2660;704;1773;4095;5995;302
2659;707;1766;4095;5996;302
2658;711;1769;4095;5996;302
2657;714;1773;4095;5997;302
2655;718;1777;4095;5997;302
2654;722;1773;4095;5998;267
2653;725;1773;4095;5998;267
2652;729;1785;4095;5999;267
2651;732;1773;4095;5999;267
2649;736;1785;4095;6000;267
2648;739;1785;4095;6000;267
2647;743;1793;4095;6001;267
2646;746;1785;4095;6002;258
2645;750;1793;4095;6002;258
2644;754;1793;4095;6003;258
2643;757;1793;4095;6003;258
2642;761;1793;4095;6004;258
2641;764;1793;4095;6004;258
2640;768;1801;4095;6005;258
2638;771;1805;4095;6005;258
2637;775;1793;4095;6006;258
2636;779;1809;4095;6006;258
2635;782;1805;4095;6007;258
2634;786;1801;4095;6007;258
2633;789;1801;4095;6008;258
2632;793;1814;4095;6008;258
2631;797;1809;4095;6009;258
2630;800;1814;4095;6009;258
2629;804;1809;4095;6009;258
2628;807;1822;4095;6010;235
2627;811;1814;4095;6010;235
2626;815;1822;4095;6011;235
2625;818;1822;4095;6011;235
2624;822;1818;4095;6012;235
2623;826;1822;4095;6012;235
2622;829;1822;4095;6012;235
2621;833;1830;4095;6013;235
2620;836;1822;4095;6013;235
2619;840;1830;4095;6014;215
2618;844;1830;4095;6014;215
2617;847;1830;4095;6015;215
2616;851;1843;4095;6015;215
2615;855;1830;4095;6015;215
2614;858;1839;4095;6016;215
2613;862;1830;4095;6016;215
2612;866;1843;4095;6017;215
2612;869;1843;4095;6017;215
2611;873;1839;4095;6018;215
2610;877;1851;4095;6018;215
2609;880;1839;4095;6018;215
2608;884;1843;4095;6019;215
2607;888;1847;4095;6019;215
2606;891;1851;4095;6020;215
2605;895;1847;4095;6020;215
2605;899;1851;4095;6021;215
2604;902;1851;4095;6021;215
2603;906;1860;4095;6021;215
2602;910;1847;4095;6022;203
2601;914;1860;4095;6022;203
2600;917;1860;4095;6022;203
2599;921;1860;4095;6023;203
2598;925;1860;4095;6023;203
2598;928;1860;4095;6023;203
2597;932;1860;4095;6024;203
2596;936;1860;4095;6024;203
2595;939;1869;4095;6024;203
2594;943;1860;4095;6025;203
2594;947;1869;4095;6025;203
2593;951;1869;4095;6025;203
2592;954;1869;4095;6026;172
2591;958;1869;4095;6026;172
2591;962;1873;4095;6026;172
2590;966;1869;4095;6027;172
2589;969;1869;4095;6027;172
2589;973;1877;4095;6027;172
2588;977;1882;4095;6028;172
2587;980;1869;4095;6028;172
2587;984;1877;4095;6028;172
2586;988;1882;4095;6029;172
2585;992;1877;4095;6029;172
2584;995;1891;4095;6029;172
2584;999;1877;4095;6030;172
2583;1003;1882;4095;6030;172
2582;1007;1886;4095;6031;172
2582;1010;1891;4095;6031;172
2581;1014;1877;4095;6031;172
2580;1018;1891;4095;6032;172
2580;1022;1891;4095;6032;172
2579;1025;1891;4095;6032;172
2578;1029;1877;4095;6033;172
2578;1033;1900;4095;6033;172
2577;1037;1891;4095;6033;172
2576;1041;1900;4095;6034;172
2576;1044;1900;4095;6034;172
2575;1048;1886;4095;6034;172
2574;1052;1900;4095;6034;172
2573;1056;1900;4095;6035;172
2573;1059;1900;4095;6035;172
2572;1063;1900;4095;6035;172
2571;1067;1900;4095;6035;172
2571;1071;1891;4095;6036;172
2570;1075;1900;4095;6036;172
2569;1078;1909;4095;6036;172
2569;1082;1909;4095;6036;172
2568;1086;1913;4095;6037;172
2567;1090;1909;4095;6037;172
2567;1094;1909;4095;6037;172
2566;1097;1909;4095;6037;172
2565;1101;1909;4095;6038;131
2565;1105;1900;4095;6038;131
2564;1109;1909;4095;6038;131
2563;1113;1913;4095;6039;131
2563;1116;1909;4095;6039;131
2562;1120;1909;4095;6039;131
2562;1124;1923;4095;6039;131
2561;1128;1909;4095;6040;131
2561;1132;1918;4095;6040;131
2560;1135;1923;4095;6040;131
2560;1139;1918;4095;6040;131
2559;1143;1923;4095;6041;131
2559;1147;1918;4095;6041;131
2558;1151;1923;4095;6041;131
2558;1155;1918;4095;6041;131
2557;1158;1923;4095;6042;129
2557;1162;1918;4095;6042;129
2556;1166;1923;4095;6042;129
2556;1170;1918;4095;6042;129
2555;1174;1932;4095;6043;129
2555;1178;1932;4095;6043;129
2554;1181;1932;4095;6043;129
2554;1185;1927;4095;6043;129
2553;1189;1932;4095;6044;129
2553;1193;1932;4095;6044;129
2552;1197;1932;4095;6044;129
2552;1201;1918;4095;6044;129
2551;1204;1932;4095;6045;129
2551;1208;1927;4095;6045;129
2550;1212;1932;4095;6045;129
2550;1216;1932;4095;6045;129
2549;1220;1932;4095;6046;129
2549;1224;1927;4095;6046;129
2548;1228;1941;4095;6046;129
2548;1231;1941;4095;6047;129
2547;1235;1946;4095;6047;129
2547;1239;1941;4095;6047;129
2546;1243;1937;4095;6047;129
2546;1247;1946;4095;6047;129
2545;1251;1941;4095;6047;129
2545;1255;1941;4095;6048;129
2544;1258;1927;4095;6048;129
2544;1262;1941;4095;6048;129
2543;1266;1941;4095;6048;129
2543;1270;1941;4095;6048;129
2542;1274;1941;4095;6049;129
2542;1278;1941;4095;6049;129
2541;1282;1941;4095;6049;129
2541;1285;1941;4095;6049;129
2540;1289;1955;4095;6049;129
2540;1293;1951;4095;6049;129
2539;1297;1951;4095;6050;97
2539;1301;1951;4095;6050;97
2538;1305;1955;4095;6050;97
2538;1309;1951;4095;6050;97
2537;1313;1951;4095;6050;97
2537;1317;1955;4095;6050;97
2536;1320;1951;4095;6051;97
2536;1324;1951;4095;6051;97
2535;1328;1941;4095;6051;97
2535;1332;1951;4095;6051;97
2534;1336;1955;4095;6051;97
2534;1340;1951;4095;6051;97
2533;1344;1951;4095;6052;97
2533;1348;1951;4095;6052;97
2532;1352;1955;4095;6052;97
2532;1355;1960;4095;6052;97
2531;1359;1965;4095;6052;97
2531;1363;1960;4095;6052;97
2530;1367;1965;4095;6053;97
2530;1371;1960;4095;6053;97
2529;1375;1965;4095;6053;97
2529;1379;1965;4095;6053;97
2529;1383;1960;4095;6053;97
2528;1387;1965;4095;6054;86
2528;1391;1960;4095;6054;86
2527;1394;1951;4095;6054;86
2527;1398;1965;4095;6054;86
2527;1402;1960;4095;6054;86
2526;1406;1965;4095;6054;86
2526;1410;1965;4095;6055;86
2525;1414;1960;4095;6055;86
2525;1418;1965;4095;6055;86
2525;1422;1960;4095;6055;86
2524;1426;1965;4095;6055;86
2524;1430;1970;4095;6055;86
2523;1434;1975;4095;6056;86
2523;1437;1975;4095;6056;86
2523;1441;1951;4095;6056;86
2522;1445;1990;4095;6056;86
2522;1449;1970;4095;6056;86
2521;1453;1975;4095;6056;86
2521;1457;1975;4095;6057;86
2521;1461;1975;4095;6057;86
2520;1465;1975;4095;6057;86
2520;1469;1970;4095;6057;86
2519;1473;1975;4095;6057;86
2519;1477;1975;4095;6057;86
2519;1481;1975;4095;6058;86
2518;1485;1975;4095;6058;86
2518;1489;1970;4095;6058;86
2517;1492;1975;4095;6058;86
2517;1496;1975;4095;6058;86
2517;1500;1975;4095;6058;86
2516;1504;1960;4095;6059;86
2516;1508;1975;4095;6059;86
2515;1512;1975;4095;6059;86
2515;1516;1975;4095;6059;86
2515;1520;1985;4095;6059;86
2514;1524;1975;4095;6060;86
2514;1528;1985;4095;6060;86
2513;1532;1985;4095;6060;86
2513;1536;1985;4095;6060;86
2513;1540;1985;4095;6060;86
2512;1544;1985;4095;6060;86
2512;1548;1985;4095;6060;86
2511;1552;1985;4095;6060;86
2511;1556;1985;4095;6061;86
2511;1560;1985;4095;6061;86
2510;1563;1985;4095;6061;86
2510;1567;1975;4095;6061;86
2509;1571;1985;4095;6061;86
2509;1575;1985;4095;6061;86
2509;1579;1985;4095;6061;86
2508;1583;1985;4095;6061;86
2508;1587;1985;4095;6061;86
2508;1591;1985;4095;6061;86
2507;1595;1990;4095;6061;86
2507;1599;1985;4095;6062;65
2507;1603;1985;4095;6062;65
2507;1607;1985;4095;6062;65
2506;1611;1985;4095;6062;65
2506;1615;1975;4095;6062;65
2506;1619;1985;4095;6062;65
2506;1623;1985;4095;6062;65
2505;1627;1995;4095;6062;65
2505;1631;1995;4095;6062;65
2505;1635;2000;4095;6062;65
2505;1639;1995;4095;6062;65
2504;1643;1995;4095;6062;65
2504;1647;2000;4095;6063;65
2504;1650;1985;4095;6063;65
2504;1654;1995;4095;6063;65
2504;1658;1995;4095;6063;65
2503;1662;2000;4095;6063;65
2503;1666;1995;4095;6063;65
2503;1670;1995;4095;6063;65
2502;1674;2000;4095;6063;65
2502;1678;1995;4095;6063;65
2502;1682;1985;4095;6063;65
2502;1686;2000;4095;6063;65
2502;1690;1995;4095;6063;65
2501;1694;1995;4095;6064;65
2501;1698;1995;4095;6064;65
2501;1702;2000;4095;6064;65
2501;1706;1995;4095;6064;65
2500;1710;1995;4095;6064;65
2500;1714;1990;4095;6064;65
2500;1718;1995;4095;6064;65
2500;1722;1995;4095;6064;65
2499;1726;1995;4095;6064;65
2499;1730;2000;4095;6064;65
2499;1734;1995;4095;6064;65
2499;1738;1995;4095;6065;65
2498;1742;2000;4095;6065;65
2498;1746;1985;4095;6065;65
2498;1750;1995;4095;6065;65
2498;1754;2010;4095;6065;65
2498;1758;2005;4095;6065;65
2498;1762;2010;4095;6065;65
2498;1766;2005;4095;6065;65
2498;1770;2000;4095;6065;65
2498;1774;2005;4095;6065;65
2498;1778;2010;4095;6065;65
2498;1782;2010;4095;6065;65
2498;1786;2005;4095;6066;43
2498;1790;2010;4095;6066;43
2498;1794;1995;4095;6066;43
2498;1798;2010;4095;6066;43
2498;1802;2005;4095;6066;43
2498;1806;2010;4095;6066;43
2498;1810;2010;4095;6066;43
2498;1814;2005;4095;6066;43
2498;1818;1995;4095;6066;43
2498;1822;2010;4095;6066;43
2498;1826;2010;4095;6066;43
2498;1830;2005;4095;6066;43
2498;1834;2010;4095;6067;43
2498;1838;1995;4095;6067;43
2498;1842;2010;4095;6067;43
2498;1846;2005;4095;6067;43
2498;1850;2010;4095;6067;43
2498;1854;2010;4095;6067;43
2498;1858;2005;4095;6067;43
2498;1862;1995;4095;6067;43
2498;1866;2010;4095;6067;43
2498;1870;2010;4095;6067;43
2498;1874;2005;4095;6067;43
2498;1878;2010;4095;6068;43
2498;1882;2005;4095;6068;43
2498;1885;2005;4095;6068;43
2498;1889;1995;4095;6068;43
2498;1893;2010;4095;6068;43
2498;1897;2010;4095;6068;43
2498;1901;2010;4095;6068;43
2498;1905;2005;4095;6068;43
2498;1909;2010;4095;6068;43
2498;1913;1995;4095;6068;43
2498;1917;2010;4095;6068;43
2498;1921;2015;4095;6068;43
2498;1925;2020;4095;6069;43
2498;1929;2015;4095;6069;43
2498;1933;2010;4095;6069;43
2498;1938;2030;4095;6069;43
2498;1942;2020;4095;6069;43
2498;1946;2020;4095;6069;43
2498;1950;2010;4095;6069;43
2498;1954;2020;4095;6069;43
2498;1958;2020;4095;6069;43
2498;1962;2015;4095;6069;43
2498;1966;2010;4095;6069;43
2498;1970;2020;4095;6069;43
2498;1974;2020;4095;6070;43
2498;1978;2020;4095;6070;43
2498;1982;2005;4095;6070;43
2498;1986;2020;4095;6070;43
2498;1990;2020;4095;6070;43
2498;1994;2020;4095;6070;43
2498;1998;2020;4095;6070;43
2498;2002;2005;4095;6070;43
2498;2006;2020;4095;6070;43
2498;2010;2020;4095;6070;43
2498;2014;2020;4095;6070;43
2498;2018;2005;4095;6071;43
2498;2022;2020;4095;6071;43
2498;2026;2020;4095;6071;43
2498;2030;2020;4095;6071;43
2498;2034;2005;4095;6071;43
2498;2038;2020;4095;6071;43
2498;2042;2020;4095;6071;43
2498;2046;2020;4095;6071;43
2498;2050;2020;4095;6071;43
2498;2054;2030;4095;6071;43
2498;2058;2020;4095;6071;43
2498;2062;2030;4095;6071;43
2498;2066;2030;4095;6072;43
2498;2070;2030;4095;6072;43
2498;2074;2020;4095;6072;43
2498;2078;2030;4095;6072;43
2498;2082;2030;4095;6072;43
2498;2086;2020;4095;6072;43
2498;2090;2030;4095;6072;43
2498;2094;2030;4095;6072;43
2498;2098;2020;4095;6072;43
2498;2102;2030;4095;6072;43
2498;2106;2030;4095;6072;43
2498;2110;2035;4095;6073;43
2498;2114;2015;4095;6073;43
2498;2118;2035;4095;6073;43
2498;2123;2030;4095;6073;43
2498;2127;2020;4095;6073;43
2498;2131;2030;4095;6073;43
2498;2135;2030;4095;6073;43
2498;2139;2020;4095;6073;43
2498;2143;2030;4095;6073;43
2498;2147;2030;4095;6073;43
2498;2151;2030;4095;6073;43
2498;2155;2020;4095;6073;43
2498;2159;2030;4095;6074;43
2498;2163;2030;4095;6074;43
2498;2167;2020;4095;6074;43
2498;2171;2030;4095;6074;43
2498;2175;2030;4095;6074;43
2498;2179;2020;4095;6074;43
2498;2183;2030;4095;6074;43
2498;2187;2030;4095;6074;43
2498;2191;2030;4095;6074;43
2498;2195;2020;4095;6074;43
2498;2199;2030;4095;6074;43
2498;2203;2035;4095;6074;43
2498;2207;2015;4095;6075;43
2498;2211;2030;4095;6075;43
2498;2215;2035;4095;6075;43
2498;2219;2015;4095;6075;43
2498;2223;2035;4095;6075;43
2498;2227;2030;4095;6075;43
2498;2231;2030;4095;6075;43
2498;2236;2020;4095;6075;43
2498;2240;2030;4095;6075;43
2498;2244;2030;4095;6075;43
2498;2248;2020;4095;6075;43
2498;2252;2030;4095;6075;43
2498;2256;2030;4095;6075;43
2498;2260;2030;4095;6075;43
2498;2264;2020;4095;6075;43
2498;2268;2030;4095;6075;43
2498;2272;2030;4095;6075;43
2498;2276;2020;4095;6075;43
2498;2280;2030;4095;6075;43
2498;2284;2030;4095;6075;43
2498;2288;2020;4095;6075;43
2498;2292;2030;4095;6075;43
2498;2296;2030;4095;6075;43
2498;2300;2030;4095;6075;43
2498;2304;2020;4095;6075;43
2498;2308;2035;4095;6075;43
2498;2312;2030;4095;6075;43
2498;2316;2015;4095;6075;43
2498;2320;2035;4095;6075;43
2498;2324;2030;4095;6075;43
2498;2328;2020;4095;6075;43
2498;2332;2030;4095;6075;43
2498;2336;2030;4095;6075;43
2498;2340;2030;4095;6075;43
2498;2344;2020;4095;6075;43
2498;2348;2030;4095;6075;43
2498;2353;2030;4095;6075;43
2498;2357;2020;4095;6075;43
2498;2361;2030;4095;6075;43
2498;2365;2030;4095;6075;43
2498;2369;2020;4095;6075;43
2498;2373;2030;4095;6075;43
2498;2377;2030;4095;6075;43
2498;2381;2030;4095;6075;43
2498;2385;2020;4095;6075;43
2498;2389;2030;4095;6075;43
2498;2393;2030;4095;6075;43
2498;2397;2020;4095;6075;43
2498;2401;2030;4095;6075;43
2498;2405;2035;4095;6075;43
2498;2409;2015;4095;6075;43
2498;2413;2030;4095;6075;43
2498;2417;2035;4095;6075;43
2498;2421;2030;4095;6075;43
2498;2425;2020;4095;6075;43
2498;2429;2030;4095;6075;43
2498;2433;2030;4095;6075;43
2498;2437;2020;4095;6075;43
2498;2441;2030;4095;6075;43
2498;2445;2030;4095;6075;43
2498;2449;2030;4095;6075;43
2498;2453;2020;4095;6075;43
2498;2457;2030;4095;6075;43
2498;2461;2030;4095;6075;43
2498;2466;2030;4095;6075;43
2498;2470;2030;4095;6075;43
2498;2474;2020;4095;6075;43
2498;2478;2030;4095;6075;43
2498;2482;2030;4095;6075;43
2498;2486;2030;4095;6075;43
2498;2490;2020;4095;6075;43
2498;2494;2030;4095;6075;43
2498;2498;2030;4095;6075;43
2498;2502;2020;4095;6075;43
2498;2506;2035;4095;6075;43
2498;2510;2030;4095;6075;43
2498;2514;2020;4095;6075;43
2498;2518;2030;4095;6075;43
2498;2522;2030;4095;6075;43
2498;2526;2030;4095;6075;43
2498;2530;2020;4095;6075;43
2498;2534;2030;4095;6075;43
2498;2538;2030;4095;6075;43
2498;2542;2020;4095;6075;43
2498;2546;2030;4095;6075;43
2498;2550;2030;4095;6075;43
2498;2554;2020;4095;6075;43
2498;2558;2030;4095;6075;43
2498;2562;2030;4095;6075;43
2498;2566;2030;4095;6075;43
2498;2570;2020;4095;6075;43
2498;2574;2030;4095;6075;43
2498;2578;2030;4095;6075;43
2498;2583;2020;4095;6075;43
2498;2587;2030;4095;6075;43
2498;2591;2030;4095;6075;43
2498;2595;2020;4095;6075;43
2498;2599;2030;4095;6075;43
2498;2603;2035;4095;6075;43
2498;2607;2030;4095;6075;43
2498;2611;2020;4095;6075;43
2498;2615;2030;4095;6075;43
2498;2619;2030;4095;6075;43
2498;2623;2020;4095;6075;43
2498;2627;2030;4095;6075;43
2498;2631;2030;4095;6075;43
2498;2635;2030;4095;6075;43
2498;2639;2020;4095;6075;43
2498;2643;2030;4095;6075;43
2498;2647;2030;4095;6075;43
2498;2651;2020;4095;6075;43
2498;2655;2030;4095;6075;43
2498;2659;2030;4095;6075;43
2498;2663;2020;4095;6075;43
2498;2667;2030;4095;6075;43
2498;2671;2030;4095;6075;43
2498;2675;2030;4095;6075;43
2498;2679;2020;4095;6075;43
2498;2683;2030;4095;6075;43
2498;2687;2030;4095;6075;43
2498;2691;2020;4095;6075;43
2498;2696;2030;4095;6075;43
2498;2700;2030;4095;6075;43
2498;2704;2020;4095;6075;43
2498;2708;2035;4095;6075;43
2498;2712;2030;4095;6075;43
2498;2716;2030;4095;6075;43
2498;2720;2020;4095;6075;43
2498;2724;2030;4095;6075;43
2498;2728;2030;4095;6075;43
2498;2732;2020;4095;6075;43
2498;2736;2030;4095;6075;43
2498;2740;2030;4095;6075;43
2498;2744;2020;4095;6075;43
2498;2748;2030;4095;6075;43
2498;2752;2030;4095;6075;43
2498;2756;2030;4095;6075;43
2498;2760;2020;4095;6075;43
2498;2764;2030;4095;6075;43
2498;2768;2030;4095;6075;43
2498;2772;2020;4095;6075;43
2498;2776;2030;4095;6075;43
2498;2780;2030;4095;6075;43
2498;2784;2020;4095;6075;43
2498;2788;2030;4095;6075;43
2498;2792;2030;4095;6075;43
2498;2796;2035;4095;6075;43
2498;2800;2015;4095;6075;43
2498;2804;2035;4095;6075;43
2498;2808;2030;4095;6075;43
2498;2813;2020;4095;6075;43
2498;2817;2030;4095;6075;43
2498;2821;2030;4095;6075;43
2498;2825;2030;4095;6075;43
2498;2829;2056;4095;6075;43
2498;2833;2040;4095;6075;43
2498;2837;2056;4095;6075;43
2498;2841;2040;4095;6075;43
2498;2845;2056;4095;6075;43
2498;2849;2040;4095;6075;43
2498;2853;2056;4095;6075;43
2498;2857;2040;4095;6075;43
2498;2861;2056;4095;6075;43
2498;2865;2040;4095;6075;43
2498;2870;2040;4095;6075;43
2498;2874;2056;4095;6075;43
2498;2878;2051;4095;6075;43
2498;2882;2046;4095;6075;43
2498;2886;2051;4095;6075;43
2498;2890;2046;4095;6075;43
2498;2894;2051;4095;6075;43
2498;2898;2046;4095;6075;43
2498;2902;2051;4095;6075;43
2498;2906;2046;4095;6075;43
2498;2910;2051;4095;6075;43
2498;2914;2046;4095;6075;43
2498;2918;2051;4095;6075;43
2498;2923;2046;4095;6075;43
2498;2927;2051;4095;6075;43
2498;2931;2046;4095;6075;43
2498;2935;2051;4095;6075;43
2498;2939;2056;4095;6075;43
2498;2943;2046;4095;6075;43
2498;2947;2051;4095;6075;43
2498;2951;2046;4095;6075;43
2498;2955;2051;4095;6075;43
2498;2959;2046;4095;6075;43
2498;2963;2051;4095;6075;43
2498;2967;2046;4095;6075;43
2498;2971;2051;4095;6075;43
2498;2976;2046;4095;6075;43
2498;2980;2051;4095;6075;43
2498;2984;2046;4095;6075;43
2498;2988;2051;4095;6075;43
2498;2992;2056;4095;6075;43
2498;2996;2040;4095;6075;43
2498;3000;2056;4095;6075;43
2498;3004;2040;4095;6075;43
2498;3008;2056;4095;6075;43
2498;3012;2040;4095;6075;43
2498;3016;2056;4095;6075;43
2498;3020;2046;4095;6075;43
2498;3024;2051;4095;6075;43
2498;3029;2046;4095;6075;43
2498;3033;2051;4095;6075;43
2498;3037;2046;4095;6075;43
2498;3041;2051;4095;6075;43
2498;3045;2056;4095;6075;43
2498;3049;2040;4095;6075;43
2498;3053;2056;4095;6075;43
2498;3057;2040;4095;6075;43
2498;3061;2056;4095;6075;43
2498;3065;2040;4095;6075;43
2498;3069;2056;4095;6075;43
2498;3073;2040;4095;6075;43
2498;3078;2056;4095;6075;43
2498;3082;2072;4095;6075;43
2498;3086;2040;4095;6075;43
2498;3090;2056;4095;6075;43
2498;3094;2040;4095;6075;43
2498;3098;2056;4095;6075;43
2498;3102;2056;4095;6075;43
2498;3106;2040;4095;6075;43
2498;3110;2056;4095;6075;43
2498;3114;2040;4095;6075;43
2498;3118;2056;4095;6075;43
2498;3122;2040;4095;6075;43
2498;3126;2056;4095;6075;43
2498;3131;2040;4095;6075;12
2498;3135;2056;4095;6075;12
2498;3139;2040;4095;6075;12
2498;3143;2056;4095;6075;12
2498;3147;2040;4095;6075;12
2498;3151;2056;4095;6075;12
2498;3155;2056;4095;6075;12
2498;3159;2040;4095;6075;12
2498;3163;2056;4095;6075;12
2498;3167;2040;4095;6075;12
2498;3171;2051;4095;6075;12
2498;3175;2046;4095;6075;12
2498;3179;2056;4095;6075;12
2498;3184;2040;4095;6075;12
2498;3188;2056;4095;6075;12
2498;3192;2040;4095;6075;12
2498;3196;2056;4095;6075;12
2498;3200;2040;4095;6075;12
2498;3204;2056;4095;6075;12
2498;3208;2051;4095;6075;12
2498;3212;2046;4095;6075;12
2498;3216;2051;4095;6075;12
2498;3220;2046;4095;6075;12
2498;3224;2051;4095;6075;12
2498;3228;2046;4095;6075;12
2498;3232;2051;4095;6075;12
2498;3237;2046;4095;6075;12
2498;3241;2051;4095;6075;12
2498;3245;2046;4095;6075;12
2498;3249;2056;4095;6075;12
2498;3253;2040;4095;6075;12
2498;3257;2056;4095;6075;12
2498;3261;2051;4095;6075;12
2498;3265;2046;4095;6075;12
2498;3269;2051;4095;6075;12
2498;3273;2046;4095;6075;12
2498;3277;2051;4095;6075;12
2498;3281;2046;4095;6075;12
2498;3285;2051;4095;6075;12
2498;3290;2056;4095;6075;12
2498;3294;2046;4095;6075;12
2498;3298;2051;4095;6075;12
2498;3302;2046;4095;6075;12
2498;3306;2051;4095;6075;12
2498;3310;2046;4095;6075;12
2498;3314;2051;4095;6075;12
2498;3318;2056;4095;6075;12
2498;3322;2040;4095;6075;12
2498;3326;2056;4095;6075;12
2498;3330;2040;4095;6075;12
2498;3334;2056;4095;6075;12
2498;3338;2046;4095;6075;12
2498;3343;2051;4095;6075;12
2498;3347;2046;4095;6075;12
2498;3351;2051;4095;6075;12
2498;3355;2046;4095;6075;12
2498;3359;2051;4095;6075;12
2498;3363;2046;4095;6075;12
2498;3367;2051;4095;6075;12
2498;3371;2056;4095;6075;12
2498;3375;2040;4095;6075;12
2498;3379;2056;4095;6075;12
2498;3383;2040;4095;6075;12
2498;3387;2056;4095;6075;12
2498;3392;2040;4095;6075;12
2498;3396;2056;4095;6075;12
2498;3400;2040;4095;6075;12
2498;3404;2056;4095;6075;12
2498;3408;2040;4095;6075;12
2498;3412;2056;4095;6075;12
2498;3416;2040;4095;6075;12
2498;3420;2056;4095;6075;12
2498;3424;2056;4095;6075;12
2498;3428;2040;4095;6075;12
2498;3432;2056;4095;6075;12
0;0;0;4095;6075;12
0;0;0;4095;6075;12
0;0;0;4095;6075;12
0;0;0;4095;6075;12
0;0;0;4095;6075;12
Tapez  1 pour afficher les mesures, 2 pour acquisition avant, 3 pour acquisition arriere:

