Mesures en accel/decel 
Acc_I;Acc_Pos;Acc_Vit;Dec_I;Dec_Pos;Dec_Vit 
2137;5369;65535;1423;2513;405 
3614;5369;65535;401;2509;412 
3580;5369;65535;84;2505;419 
3669;5369;65535;0;2502;425 
3658;5369;65535;0;2498;436 
3745;5368;65535;0;2495;436 
3742;5368;65535;0;2491;434 
3832;5368;65535;0;2488;449 
3800;5368;65535;0;2484;457 
3780;5368;65535;0;2480;465 
3594;5367;65535;0;2477;477 
3571;5367;65535;0;2474;476 
3327;5366;65535;0;2471;476 
3222;5366;65535;0;2468;493 
3481;5365;65535;0;2464;503 
3732;5365;65535;0;2461;512 
3748;5364;65535;0;2459;512 
3762;5364;65535;0;2456;526 
3771;5364;65535;0;2452;526 
3704;5363;65535;0;2449;544 
3716;5363;65535;0;2447;544 
3757;5362;3566;0;2444;557 
3741;5361;3566;0;2441;569 
3423;5361;3566;0;2439;569 
3405;5360;3566;0;2436;586 
3515;5360;3566;0;2433;589 
3533;5360;3566;0;2431;589 
3476;5359;3566;0;2428;611 
3533;5358;2853;0;2425;630 
3283;5357;2853;0;2423;630 
3139;5357;2853;0;2420;646 
2986;5356;2853;0;2418;670 
3347;5356;2853;0;2416;670 
3491;5355;2853;0;2413;678 
3643;5354;2425;0;2412;678 
3738;5353;2425;0;2409;710 
3707;5352;2425;0;2407;710 
3785;5352;2425;0;2405;735 
3543;5352;2425;0;2403;735 
3209;5351;2425;0;2400;760 
3353;5349;2140;0;2399;760 
3337;5349;2140;0;2396;796 
3398;5348;2140;0;2395;796 
3496;5347;2140;0;2393;814 
3323;5346;1916;0;2391;814 
3310;5345;1916;0;2389;859 
3446;5344;1916;0;2388;859 
3477;5344;1916;0;2386;898 
3380;5343;1916;0;2384;898 
3451;5342;1763;0;2382;939 
3273;5340;1763;0;2380;939 
3231;5340;1763;0;2379;939 
3230;5339;1763;0;2377;998 
3298;5338;1639;0;2376;998 
3241;5336;1639;0;2375;998 
3057;5336;1639;0;2373;1033 
3292;5335;1639;0;2372;1033 
3345;5333;1518;0;2370;1107 
3344;5332;1518;0;2369;1107 
3385;5332;1518;0;2368;1107 
3101;5330;1458;0;2366;1174 
3199;5329;1458;0;2365;1174 
3227;5328;1458;0;2364;1174 
3100;5327;1458;0;2362;1252 
2991;5326;1398;0;2361;1252 
3137;5324;1398;0;2360;1252 
3228;5324;1398;0;2359;1252 
3182;5322;1340;0;2358;1367 
3063;5321;1340;0;2356;1367 
3033;5320;1340;0;2356;1367 
3108;5319;1340;0;2355;1367 
3175;5317;1292;0;2353;1465 
2873;5316;1292;0;2352;1465 
3073;5315;1292;0;2352;1465 
3269;5313;1227;0;2351;1465 
3332;5312;1227;0;2349;1623 
3053;5311;1227;0;2348;1623 
3116;5309;1203;0;2348;1623 
3141;5308;1203;0;2347;1623 
2974;5307;1203;0;2346;1791 
2981;5305;1179;0;2345;1791 
3096;5304;1179;0;2344;1791 
3057;5302;1143;0;2344;1791 
3004;5301;1143;0;2343;1791 
3003;5300;1143;0;2342;2003 
3100;5298;1116;0;2341;2003 
2910;5296;1116;0;2340;2003 
2930;5295;1116;0;2340;2003 
3105;5293;1065;0;2340;2003 
3153;5292;1065;0;2339;2003 
2946;5291;1065;0;2338;2339 
3025;5289;1069;0;2337;2339 
3000;5288;1069;0;2337;2339 
2818;5286;1045;0;2336;2339 
2992;5284;1045;0;2336;2339 
2975;5283;1045;0;2335;2339 
3086;5281;1025;0;2335;2339 
2952;5280;1025;0;2334;2739 
3047;5278;1007;0;2333;2739 
2872;5276;1007;0;2333;2739 
2906;5275;1007;0;2332;2739 
3037;5273;969;0;2332;2739 
3109;5272;969;0;2332;2739 
2898;5270;972;0;2332;2739 
2957;5268;972;0;2331;2739 
2871;5267;972;0;2331;2739 
2886;5265;956;0;2330;3426 
2864;5264;956;0;2329;3426 
2985;5261;940;0;2329;3426 
2826;5260;940;0;2329;3426 
2944;5258;930;0;2328;3426 
2680;5256;930;0;2328;3426 
2802;5255;930;0;2328;3426 
2957;5253;902;0;2328;3426 
2905;5251;902;0;2328;3426 
2880;5249;904;0;2327;3426 
2923;5248;904;0;2327;3426 
2749;5246;894;0;2326;4671 
2876;5244;894;0;2326;4671 
2861;5242;879;0;2326;4671 
2737;5240;879;0;2325;4671 
2808;5239;879;0;2325;4671 
2793;5236;876;0;2325;4671 
2754;5235;876;0;2325;4671 
2885;5233;851;0;2324;4671 
2821;5231;851;0;2324;4671 
2772;5229;856;0;2324;4671 
2830;5228;856;0;2324;4671 
2723;5225;848;0;2324;4671 
2793;5224;848;0;2324;4671 
2857;5221;838;0;2324;4671 
2703;5220;838;0;2324;4671 
2826;5218;834;0;2324;4671 
2554;5216;834;0;2324;4671 
2826;5214;807;0;2323;4671 
2931;5212;807;0;2323;4671 
2740;5210;821;0;2323;4671 
2848;5208;821;0;2323;4671 
2722;5206;809;0;2323;4671 
2793;5204;809;0;2323;4671 
2767;5202;800;0;2323;4671 
2613;5200;800;0;2323;4671 
2736;5198;797;0;2323;4671 
2523;5196;797;0;2323;4671 
2775;5194;775;0;2323;4671 
2895;5192;775;0;2323;4671 
2694;5190;781;0;2323;4671 
2763;5188;781;0;2323;4671 
2668;5185;776;0;2323;4671 
2730;5184;776;0;2322;12494 
2716;5181;767;0;2322;12494 
2513;5180;767;0;2322;12494 
2693;5177;764;0;2322;12494 
2561;5175;764;0;2322;12494 
2712;5173;745;0;2322;12494 
2671;5171;745;0;2322;12494 
2664;5169;752;0;2322;12494 
2668;5167;752;0;2322;12494 
2658;5164;746;0;2322;12494 
2631;5163;746;0;2322;12494 
2547;5160;740;0;2322;12494 
2610;5158;738;0;2322;12494 
2448;5156;738;0;2322;12494 
2689;5153;722;0;2322;12494 
2763;5152;722;0;2322;12494 
2591;5149;728;0;2322;12494 
2655;5147;728;0;2322;12494 
2557;5145;724;0;2322;12494 
2525;5143;724;0;2322;12494 
2503;5140;719;0;2322;12494 
2613;5138;717;0;2322;12494 
2361;5136;717;0;2322;12494 
2623;5133;699;0;2322;12494 
2675;5132;699;0;2322;12494 
2556;5129;709;0;2322;12494 
2564;5127;709;0;2322;12494 
2536;5124;706;0;2322;12494 
2523;5122;699;0;2322;12494 
2495;5120;699;0;2322;12494 
2602;5118;698;0;2322;12494 
2396;5116;698;0;2322;12494 
2559;5113;686;0;2322;12494 
2562;5111;686;0;2322;12494 
2568;5108;690;0;2322;12494 
2487;5106;687;0;2322;12494 
2568;5104;687;0;2322;12494 
2630;5101;683;0;2322;12494 
2469;5099;683;0;2322;12494 
2558;5097;683;0;2322;12494 
2408;5095;683;0;2322;12494 
2610;5092;667;0;2322;12494 
2495;5090;673;0;2322;12494 
2557;5088;673;0;2322;12494 
2470;5085;671;0;2322;12494 
2527;5083;671;0;2322;12494 
2469;5080;666;0;2322;12494 
2531;5078;666;0;2322;12494 
2369;5076;666;0;2322;12494 
2522;5073;652;0;2322;12494 
2452;5071;652;0;2322;12494 
2561;5068;657;0;2322;12494 
2468;5065;656;0;2322;12494 
2501;5063;656;0;2322;12494 
2482;5060;651;0;2322;12494 
2471;5058;653;0;2322;12494 
2303;5056;653;0;2322;12494 
2473;5053;637;0;2322;12494 
2469;5051;637;0;2322;12494 
2498;5048;645;0;2322;12494 
2386;5046;644;0;2322;12494 
2447;5044;644;0;2322;12494 
2407;5041;640;0;2322;12494 
2355;5039;640;0;2322;12494 
2239;5036;639;0;2322;12494 
2419;5033;630;0;2322;12494 
2419;5031;630;0;2322;12494 
2449;5028;634;0;2322;12494 
2321;5026;636;0;2322;12494 
2425;5024;636;0;2322;12494 
2398;5021;627;0;2322;12494 
2389;5018;637;0;2322;12494 
2258;5016;637;0;2322;12494 
2437;5013;619;0;2322;12494 
2354;5011;619;0;2322;12494 
2425;5008;627;0;2322;12494 
2261;5005;624;0;2322;12494 
2338;5003;624;0;2322;12494 
2318;5000;624;0;2322;12494 
2370;4998;624;0;2322;12494 
2250;4996;624;0;2322;12494 
2394;4992;611;0;2322;12494 
2292;4990;617;0;2322;12494 
2375;4988;617;0;2322;12494 
2311;4985;618;0;2322;12494 
2399;4982;614;0;2322;12494 
2279;4980;614;0;2322;12494 
2423;4977;612;0;2322;12494 
2282;4975;612;0;2322;12494 
2426;4972;606;0;2322;12494 
2314;4969;610;0;2322;12494 
2266;4967;610;0;2322;12494 
2361;4964;609;0;2322;12494 
2412;4961;607;0;2322;12494 
2241;4959;607;0;2322;12494 
2180;4956;604;0;2322;12494 
2317;4953;599;0;2322;12494 
2287;4951;599;0;2322;12494 
2326;4948;602;0;2322;12494 
2230;4945;602;0;2322;12494 
2299;4943;602;0;2322;12494 
2262;4940;599;0;2322;12494 
2312;4937;601;0;2322;12494 
2164;4935;601;0;2322;12494 
2369;4932;588;0;2322;12494 
2276;4929;596;0;2322;12494 
2272;4927;596;0;2322;12494 
2323;4924;597;0;2322;12494 
2387;4921;594;0;2322;12494 
2161;4919;594;0;2322;12494 
2130;4916;593;0;2322;12494 
2285;4913;587;0;2322;12494 
2289;4911;587;0;2322;12494 
2348;4908;592;0;2322;12494 
2263;4905;592;0;2322;12494 
2377;4903;592;0;2322;12494 
2261;4900;590;0;2322;12494 
2322;4897;591;0;2322;12494 
2214;4895;591;0;2322;12494 
2437;4892;578;0;2322;12494 
2307;4889;586;0;2322;12494 
2263;4886;587;0;2322;12494 
2334;4884;587;0;2322;12494 
2298;4881;583;0;2322;12494 
2295;4878;583;0;2322;12494 
2162;4876;583;0;2322;12494 
2334;4872;576;0;2322;12494 
2268;4870;580;0;2322;12494 
2324;4867;580;0;2322;12494 
2278;4864;576;0;2322;12494 
2345;4861;580;0;2322;12494 
2155;4859;580;0;2322;12494 
2148;4856;579;0;2322;12494 
2266;4853;566;0;2322;12494 
2186;4851;566;0;2322;12494 
2229;4848;573;0;2322;12494 
2092;4845;575;0;2322;12494 
2179;4842;571;0;2322;12494 
2029;4840;571;0;2322;12494 
2121;4836;575;0;2322;12494 
2163;4834;563;0;2322;12494 
2185;4831;563;0;2322;12494 
2190;4828;570;0;2322;12494 
2043;4825;571;0;2322;12494 
2129;4823;571;0;2322;12494 
2047;4820;569;0;2322;12494 
2113;4817;571;0;2322;12494 
2079;4814;560;0;2322;12494 
2187;4812;560;0;2322;12494 
2117;4808;565;0;2322;12494 
1993;4805;568;0;2322;12494 
2105;4803;568;0;2322;12494 
2035;4800;565;0;2322;12494 
2142;4797;567;0;2322;12494 
2021;4794;567;0;2322;12494 
2186;4792;557;0;2322;12494 
2015;4788;562;0;2322;12494 
1928;4786;564;0;2322;12494 
2064;4783;564;0;2322;12494 
2041;4780;563;0;2322;12494 
2116;4777;564;0;2322;12494 
1996;4775;564;0;2322;12494 
2174;4772;553;0;2322;12494 
2021;4769;559;0;2322;12494 
1959;4766;560;0;2322;12494 
2013;4763;560;0;2322;12494 
2014;4760;557;0;2322;12494 
2080;4757;561;0;2322;12494 
1982;4755;561;0;2322;12494 
2180;4752;546;0;2322;12494 
2059;4749;558;0;2322;12494 
2002;4746;556;0;2322;12494 
2052;4743;556;0;2322;12494 
2054;4740;554;0;2322;12494 
2126;4737;557;0;2322;12494 
2038;4735;557;0;2322;12494 
2229;4732;545;0;2322;12494 
2099;4728;551;0;2322;12494 
1993;4726;555;0;2322;12494 
2050;4723;555;0;2322;12494 
2054;4720;551;0;2322;12494 
2101;4717;555;0;2322;12494 
2054;4714;540;0;2322;12494 
2176;4712;540;0;2322;12494 
2046;4708;550;0;2322;12494 
1948;4705;555;0;2322;12494 
2061;4703;555;0;2322;12494 
2006;4700;550;0;2322;12494 
2092;4696;553;0;2322;12494 
2046;4694;542;0;2322;12494 
2123;4691;542;0;2322;12494 
2050;4688;550;0;2322;12494 
1987;4685;550;0;2322;12494 
2075;4682;549;0;2322;12494 
1953;4680;549;0;2322;12494 
1877;4676;551;0;2322;12494 
1955;4673;542;0;2322;12494 
2019;4671;542;0;2322;12494 
2096;4668;548;0;2322;12494 
1854;4665;548;0;2322;12494 
2074;4662;545;0;2322;12494 
2002;4659;545;0;2322;12494 
1828;4656;550;0;2322;12494 
1995;4653;541;0;2322;12494 
2024;4650;547;0;2322;12494 
2135;4648;547;0;2322;12494 
1955;4644;547;0;2322;12494 
2079;4641;545;0;2322;12494 
1964;4639;545;0;2322;12494 
1754;4636;549;0;2322;12494 
2030;4632;538;0;2322;12494 
1981;4630;544;0;2322;12494 
1985;4627;544;0;2322;12494 
2007;4624;547;0;2322;12494 
2055;4621;545;0;2322;12494 
2046;4618;547;0;2322;12494 
1853;4615;547;0;2322;12494 
2067;4612;537;0;2322;12494 
2011;4609;543;0;2322;12494 
1945;4606;541;0;2322;12494 
1991;4604;541;0;2322;12494 
2053;4600;546;0;2322;12494 
2092;4597;546;0;2322;12494 
1968;4595;546;0;2322;12494 
2242;4592;535;0;2322;12494 
2150;4588;542;0;2322;12494 
1936;4586;541;0;2322;12494 
1974;4583;541;0;2322;12494 
2042;4580;543;0;2322;12494 
2113;4577;544;0;2322;12494 
2028;4574;534;0;2322;12494 
2181;4571;534;0;2322;12494 
2153;4568;539;0;2322;12494 
1951;4565;542;0;2322;12494 
2065;4562;538;0;2322;12494 
1979;4559;538;0;2322;12494 
1999;4556;543;0;2322;12494 
2106;4553;530;0;2322;12494 
2063;4550;537;0;2322;12494 
2069;4548;537;0;2322;12494 
1994;4544;538;0;2322;12494 
2108;4541;537;0;2322;12494 
2057;4539;537;0;2322;12494 
1995;4536;539;0;2322;12494 
2146;4532;526;0;2322;12494 
2081;4529;538;0;2322;12494 
2034;4527;538;0;2322;12494 
2046;4524;536;0;2322;12494 
2080;4520;534;0;2322;12494 
2120;4517;537;0;2322;12494 
2002;4515;537;0;2322;12494 
2188;4512;525;0;2322;12494 
2074;4508;534;0;2322;12494 
1904;4505;534;0;2322;12494 
2003;4503;534;0;2322;12494 
1994;4500;532;0;2322;12494 
2064;4496;535;0;2322;12494 
2055;4493;524;0;2322;12494 
2104;4491;524;0;2322;12494 
2128;4488;529;0;2322;12494 
1998;4484;531;0;2322;12494 
2114;4481;529;0;2322;12494 
2018;4479;529;0;2322;12494 
1950;4476;531;0;2322;12494 
2115;4472;519;0;2322;12494 
2072;4469;528;0;2322;12494 
2024;4467;528;0;2322;12494 
2063;4464;528;0;2322;12494 
2035;4460;526;0;2322;12494 
2072;4457;529;0;2322;12494 
2016;4454;518;0;2322;12494 
2124;4452;518;0;2322;12494 
2084;4448;525;0;2322;12494 
1948;4445;525;0;2322;12494 
2037;4442;523;0;2322;12494 
1929;4439;523;0;2322;12494 
1959;4436;526;0;2322;12494 
2057;4433;515;0;2322;12494 
2009;4430;523;0;2322;12494 
2028;4427;523;0;2322;12494 
2036;4424;522;0;2322;12494 
2012;4420;518;0;2322;12494 
2028;4418;527;0;2322;12494 
1914;4415;527;0;2322;12494 
2137;4412;512;0;2322;12494 
2035;4408;520;0;2322;12494 
1954;4405;520;0;2322;12494 
2015;4403;520;0;2322;12494 
1931;4400;519;0;2322;12494 
1915;4396;520;0;2322;12494 
1979;4393;510;0;2322;12494 
1992;4390;518;0;2322;12494 
1997;4387;518;0;2322;12494 
1974;4384;517;0;2322;12494 
1960;4380;513;0;2322;12494 
2014;4377;522;0;2322;12494 
1804;4375;522;0;2322;12494 
2099;4372;509;0;2322;12494 
2050;4368;516;0;2322;12494 
1912;4365;516;0;2322;12494 
2025;4362;515;0;2322;12494 
1922;4359;515;0;2322;12494 
1898;4356;518;0;2322;12494 
2015;4353;508;0;2322;12494 
2032;4350;513;0;2322;12494 
2019;4347;513;0;2322;12494 
2052;4344;517;0;2322;12494 
2026;4340;514;0;2322;12494 
2044;4337;517;0;2322;12494 
1965;4334;506;0;2322;12494 
2165;4332;506;0;2322;12494 
2164;4328;513;0;2322;12494 
1987;4325;514;0;2322;12494 
2025;4322;512;0;2322;12494 
1926;4319;512;0;2322;12494 
1861;4316;515;0;2322;12494 
2030;4312;506;0;2322;12494 
2064;4309;511;0;2322;12494 
2075;4306;513;0;2322;12494 
2045;4304;513;0;2322;12494 
1977;4300;511;0;2322;12494 
1990;4297;513;0;2322;12494 
1969;4294;503;0;2322;12494 
2060;4291;503;0;2322;12494 
2080;4288;510;0;2322;65535 
1991;4284;510;0;2322;65535 
2071;4281;509;0;2322;65535 
2016;4278;512;0;2322;65535 
1917;4275;512;0;2322;65535 
2139;4272;503;0;2322;65535 
2061;4269;508;0;2322;65535 
1907;4265;510;0;2322;65535 
1975;4263;510;0;2322;65535 
1881;4260;509;0;2322;65535 
1946;4256;511;0;2322;65535 
2035;4253;500;0;2322;65535 
2025;4250;509;0;2322;65535 
1972;4247;509;0;2322;65535 
1965;4244;508;0;2322;65535 
1972;4240;507;0;2322;65535 
1957;4237;510;0;2322;65535 
1863;4234;500;0;2322;65535 
2072;4231;500;0;2322;65535 
2067;4228;507;0;2322;65535 
1855;4225;505;0;2322;65535 
2023;4221;509;0;2322;65535 
1879;4219;509;0;2322;65535 
1803;4216;509;0;2322;65535 
1993;4212;499;0;2322;65535 
2009;4209;506;0;2322;65535 
1848;4206;503;0;2322;65535 
1907;4203;503;0;2322;65535 
1879;4200;509;0;2322;65535 
1835;4196;507;0;2322;65535 
1917;4193;498;0;2322;65535 
1930;4190;504;0;2322;65535 
1933;4187;504;0;2322;65535 
1915;4184;507;0;2322;65535 
1978;4180;504;0;2322;65535 
1955;4177;505;0;2322;65535 
1857;4174;496;0;2322;65535 
1992;4171;496;0;2322;65535 
2019;4168;502;0;2322;65535 
1812;4164;502;0;2322;65535 
2032;4161;501;0;2322;65535 
1906;4159;501;0;2322;65535 
1793;4155;503;0;2322;65535 
1978;4152;493;0;2322;65535 
1943;4149;500;0;2322;65535 
1791;4145;500;0;2322;65535 
1908;4143;500;0;2322;65535 
1827;4139;498;0;2322;65535 
1817;4136;502;0;2322;65535 
1948;4133;491;0;2322;65535 
1915;4129;495;0;2322;65535 
1836;4127;495;0;2322;65535 
1843;4124;502;0;2322;65535 
1894;4120;497;0;2322;65535 
1905;4117;500;0;2322;65535 
1939;4113;491;0;2322;65535 
1921;4111;491;0;2322;65535 
1932;4108;496;0;2322;65535 
1824;4104;499;0;2322;65535 
1936;4100;496;0;2322;65535 
1929;4097;500;0;2322;65535 
1884;4094;490;0;2322;65535 
2016;4091;490;0;2322;65535 
2035;4088;497;0;2322;65535 
1835;4084;498;0;2322;65535 
2002;4081;496;0;2322;65535 
1862;4078;498;0;2322;65535 
1774;4075;498;0;2322;65535 
2015;4072;489;0;2322;65535 
1925;4068;501;0;2322;65535 
1834;4065;497;0;2322;65535 
1953;4062;498;0;2322;65535 
1841;4059;498;0;2322;65535 
1777;4056;500;0;2322;65535 
1984;4052;490;0;2322;65535 
1951;4049;499;0;2322;65535 
1941;4046;498;0;2322;65535 
1976;4043;498;0;2322;65535 
1945;4040;497;0;2322;65535 
1911;4036;501;0;2322;65535 
1963;4033;490;0;2322;65535 
1968;4030;497;0;2322;65535 
1977;4027;497;0;2322;65535 
1943;4024;498;0;2322;65535 
1969;4020;494;0;2322;65535 
1945;4017;502;0;2322;65535 
1925;4014;490;0;2322;65535 
2012;4011;490;0;2322;65535 
2029;4008;495;0;2322;65535 
1888;4004;499;0;2322;65535 
1996;4001;496;0;2322;65535 
1914;3998;498;0;2322;65535 
1815;3995;498;0;2322;65535 
1999;3992;489;0;2322;65535 
1986;3988;495;0;2322;65535 
1876;3985;496;0;2322;65535 
1961;3982;492;0;2322;65535 
1844;3979;492;0;2322;65535 
1765;3976;500;0;2322;65535 
1912;3972;488;0;2322;65535 
1935;3969;495;0;2322;65535 
1867;3966;493;0;2322;65535 
1927;3963;493;0;2322;65535 
1834;3960;497;0;2322;65535 
1853;3956;498;0;2322;65535 
1949;3953;488;0;2322;65535 
1922;3950;494;0;2322;65535 
1980;3947;494;0;2322;65535 
1946;3944;497;0;2322;65535 
1919;3940;495;0;2322;65535 
1955;3937;496;0;2322;65535 
1924;3934;489;0;2322;65535 
1946;3931;489;0;2322;65535 
1995;3928;497;0;2322;65535 
1912;3924;497;0;2322;65535 
1983;3921;493;0;2322;65535 
1983;3917;500;0;2322;65535 
1885;3915;500;0;2322;65535 
1974;3911;489;0;2322;65535 
2037;3908;495;0;2322;65535 
1894;3904;493;0;2322;65535 
2008;3901;498;0;2322;65535 
1929;3899;498;0;2322;65535 
1869;3895;498;0;2322;65535 
2015;3892;487;0;2322;65535 
1953;3888;494;0;2322;65535 
1886;3885;496;0;2322;65535 
1967;3882;493;0;2322;65535 
1853;3879;493;0;2322;65535 
1836;3876;496;0;2322;65535 
1966;3872;486;0;2322;65535 
1932;3869;493;0;2322;65535 
1895;3866;491;0;2322;65535 
1902;3863;491;0;2322;65535 
1848;3860;495;0;2322;65535 
1860;3856;495;0;2322;65535 
1925;3853;484;0;2322;65535 
1893;3850;491;0;2322;65535 
1914;3847;491;0;2322;65535 
1881;3844;492;0;2322;65535 
1872;3840;491;0;2322;65535 
1929;3837;493;0;2322;65535 
1953;3833;483;0;2322;65535 
1879;3830;490;0;2322;65535 
1943;3827;490;0;2322;65535 
1922;3824;491;0;2322;65535 
1921;3820;489;0;2322;65535 
1950;3817;492;0;2322;65535 
1910;3814;482;0;2322;65535 
1908;3811;482;0;2322;65535 
1980;3808;489;0;2322;65535 
1879;3804;489;0;2322;65535 
1927;3801;488;0;2322;65535 
1914;3797;491;0;2322;65535 
1852;3795;491;0;2322;65535 
1925;3791;478;0;2322;65535 
1992;3788;489;0;2322;65535 
1872;3784;489;0;2322;65535 
1972;3781;489;0;2322;65535 
1911;3778;489;0;2322;65535 
1851;3775;489;0;2322;65535 
1964;3772;484;0;2322;65535 
1952;3768;489;0;2322;65535 
1835;3765;489;0;2322;65535 
1969;3762;487;0;2322;65535 
1841;3759;487;0;2322;65535 
1822;3756;491;0;2322;65535 
1964;3752;482;0;2322;65535 
1941;3748;488;0;2322;65535 
1815;3745;489;0;2322;65535 
1947;3742;488;0;2322;65535 
1811;3739;488;0;2322;65535 
1785;3736;491;0;2322;65535 
1907;3732;482;0;2322;65535 
1911;3729;489;0;2322;65535 
1839;3726;489;0;2322;65535 
1876;3723;489;0;2322;65535 
1825;3720;489;0;2322;65535 
1817;3716;493;0;2322;65535 
1925;3713;482;0;2322;65535 
1849;3709;488;0;2322;65535 
1835;3706;490;0;2322;65535 
1860;3703;490;0;2322;65535 
1839;3700;489;0;2322;65535 
1873;3696;491;0;2322;65535 
1916;3693;482;0;2322;65535 
1833;3690;488;0;2322;65535 
1854;3687;488;0;2322;65535 
1826;3684;489;0;2322;65535 
1837;3680;488;0;2322;65535 
1865;3677;491;0;2322;65535 
1876;3673;482;0;2322;65535 
1853;3670;484;0;2322;65535 
1867;3667;484;0;2322;65535 
1825;3664;489;0;2322;65535 
1837;3660;490;0;2322;65535 
1901;3657;493;0;2322;65535 
1873;3654;481;0;2322;65535 
1869;3651;481;0;2322;65535 
1910;3648;488;0;2322;65535 
1845;3644;490;0;2322;65535 
1910;3641;489;0;2322;65535 
1855;3638;493;0;2322;65535 
1797;3635;493;0;2322;65535 
1904;3632;484;0;2322;65535 
1978;3628;491;0;2322;65535 
1849;3624;492;0;2322;65535 
1946;3621;489;0;2322;65535 
1852;3618;497;0;2322;65535 
1827;3615;497;0;2322;65535 
1979;3612;481;0;2322;65535 
1961;3608;495;0;2322;65535 
1873;3605;492;0;2322;65535 
1963;3602;491;0;2322;65535 
1820;3599;491;0;2322;65535 
1762;3596;493;0;2322;65535 
1903;3592;483;0;2322;65535 
1837;3589;490;0;2322;65535 
1803;3586;490;0;2322;65535 
1844;3583;490;0;2322;65535 
1788;3580;489;0;2322;65535 
1776;3576;491;0;2322;65535 
1894;3572;482;0;2322;65535 
1835;3569;484;0;2322;65535 
1842;3566;489;0;2322;65535 
1853;3563;489;0;2322;65535 
1812;3560;489;0;2322;65535 
1836;3556;490;0;2322;65535 
1922;3553;481;0;2322;65535 
1845;3550;486;0;2322;65535 
1883;3547;486;0;2322;65535 
1904;3544;487;0;2322;65535 
1855;3540;486;0;2322;65535 
1865;3536;484;0;2322;65535 
1866;3533;482;0;2322;65535 
1838;3530;485;0;2322;65535 
1915;3527;485;0;2322;65535 
1906;3524;485;0;2322;65535 
1890;3520;484;0;2322;65535 
1923;3517;487;0;2322;65535 
1898;3513;477;0;2322;65535 
1850;3510;483;0;2322;65535 
1911;3507;483;0;2322;65535 
1863;3504;485;0;2322;65535 
1818;3500;483;0;2322;65535 
1817;3497;486;0;2322;65535 
1838;3494;476;0;2322;65535 
1821;3491;476;0;2322;65535 
1921;3488;482;0;2322;65535 
1866;3484;482;0;2322;65535 
1867;3480;482;0;2322;65535 
1863;3477;484;0;2322;65535 
1791;3474;474;0;2322;65535 
1795;3471;474;0;2322;65535 
1906;3468;482;0;2322;65535 
1879;3464;482;0;2322;65535 
1849;3460;481;0;2322;65535 
1845;3457;483;0;2322;65535 
1816;3454;474;0;2322;65535 
1861;3451;474;0;2322;65535 
1925;3448;478;0;2322;65535 
1878;3444;484;0;2322;65535 
1856;3441;480;0;2322;65535 
1881;3437;483;0;2322;65535 
1834;3434;473;0;2322;65535 
1864;3431;473;0;2322;65535 
1889;3428;480;0;2322;65535 
1824;3424;480;0;2322;65535 
1832;3421;478;0;2322;65535 
1798;3417;482;0;2322;65535 
1762;3414;472;0;2322;65535 
1803;3411;472;0;2322;65535 
1896;3408;477;0;2322;65535 
1865;3404;482;0;2322;65535 
1860;3401;479;0;2322;65535 
1851;3397;482;0;2322;65535 
1831;3394;473;0;2322;65535 
1863;3391;473;0;2322;65535 
1909;3388;478;0;2322;65535 
1868;3384;479;0;2322;65535 
1892;3381;479;0;2322;65535 
1842;3377;479;0;2322;65535 
1793;3374;473;0;2322;65535 
1820;3371;473;0;2322;65535 
1863;3368;477;0;2322;65535 
1822;3364;477;0;2322;65535 
1807;3361;477;0;2322;65535 
1813;3357;478;0;2322;65535 
1751;3354;469;0;2322;65535 
1785;3351;469;0;2322;65535 
1820;3348;471;0;2322;65535 
1804;3344;478;0;2322;65535 
1781;3340;473;0;2322;65535 
1798;3337;475;0;2322;65535 
1817;3334;466;0;2322;65535 
1781;3331;466;0;2322;65535 
1831;3328;472;0;2322;65535 
1794;3324;472;0;2322;65535 
1777;3320;471;0;2322;65535 
1780;3317;475;0;2322;65535 
1779;3313;464;0;2322;65535 
1783;3310;472;0;2322;65535 
1826;3307;472;0;2322;65535 
1794;3304;472;0;2322;65535 
1736;3300;472;0;2322;65535 
1739;3296;471;0;2322;65535 
1782;3293;468;0;2322;65535 
1804;3290;470;0;2322;65535 
1822;3287;470;0;2322;65535 
1810;3284;474;0;2322;65535 
1777;3280;471;0;2322;65535 
1755;3276;474;0;2322;65535 
1822;3273;465;0;2322;65535 
1790;3270;470;0;2322;65535 
1810;3266;472;0;2322;65535 
1788;3263;472;0;2322;65535 
1774;3260;471;0;2322;65535 
1721;3256;473;0;2322;65535 
1825;3252;464;0;2322;65535 
1802;3249;470;0;2322;65535 
1761;3246;470;0;2322;65535 
1778;3243;470;0;2322;65535 
1725;3239;470;0;2322;65535 
1704;3236;469;0;2322;65535 
1759;3232;465;0;2322;65535 
1741;3229;468;0;2322;65535 
1730;3225;469;0;2322;65535 
1817;3222;467;0;2322;65535 
1714;3219;467;0;2322;65535 
1672;3216;470;0;2322;65535 
1786;3212;460;0;2322;65535 
1709;3208;466;0;2322;65535 
1735;3205;465;0;2322;65535 
1840;3201;466;0;2322;65535 
1751;3198;468;0;2322;65535 
1669;3195;468;0;2322;65535 
1783;3192;457;0;2322;65535 
1773;3188;463;0;2322;65535 
1737;3184;466;0;2322;65535 
1780;3181;463;0;2322;65535 
1753;3177;465;0;2322;65535 
1751;3174;456;0;2322;65535 
1729;3171;456;0;2322;65535 
1810;3168;461;0;2322;65535 
1795;3164;460;0;2322;65535 
1759;3160;463;0;2322;65535 
1757;3157;463;0;2322;65535 
1770;3153;454;0;2322;65535 
1713;3150;460;0;2322;65535 
1744;3147;460;0;2322;65535 
1749;3143;461;0;2322;65535 
1726;3140;459;0;2322;65535 
1700;3136;460;0;2322;65535 
1767;3132;454;0;2322;65535 
1740;3129;459;0;2322;65535 
1755;3125;459;0;2322;65535 
1804;3122;458;0;2322;65535 
1694;3119;458;0;2322;65535 
1707;3115;460;0;2322;65535 
1803;3112;451;0;2322;65535 
1785;3108;457;0;2322;65535 
1767;3104;458;0;2322;65535 
1830;3101;456;0;2322;65535 
1767;3097;459;0;2322;65535 
1710;3094;449;0;2322;65535 
1755;3091;449;0;2322;65535 
1785;3088;456;0;2322;65535 
1786;3084;454;0;2322;65535 
1765;3080;458;0;2322;65535 
1726;3076;457;0;2322;65535 
1787;3073;448;0;2322;65535 
1755;3069;451;0;2322;65535 
1737;3066;457;0;2322;65535 
1734;3063;457;0;2322;65535 
1729;3059;453;0;2322;65535 
1679;3056;455;0;2322;65535 
1780;3052;447;0;2322;65535 
1782;3048;450;0;2322;65535 
1689;3045;454;0;2322;65535 
1802;3041;451;0;2322;65535 
1756;3038;453;0;2322;65535 
1683;3034;453;0;2322;65535 
1738;3031;445;0;2322;65535 
1745;3028;449;0;2322;65535 
1759;3024;450;0;2322;65535 
1754;3020;450;0;2322;65535 
1731;3016;451;0;2322;65535 
1774;3013;443;0;2322;65535 
1735;3009;449;0;2322;65535 
1732;3006;449;0;2322;65535 
1745;3003;449;0;2322;65535 
1719;2999;449;0;2322;65535 
1661;2996;451;0;2322;65535 
1835;2992;443;0;2322;65535 
1816;2988;449;0;2322;65535 
1769;2984;450;0;2322;65535 
1796;2981;448;0;2322;65535 
1771;2977;451;0;2322;65535 
1747;2974;442;0;2322;65535 
1725;2971;442;0;2322;65535 
1736;2967;449;0;2322;65535 
1740;2964;449;0;2322;65535 
1712;2960;448;0;2322;65535 
1687;2956;451;0;2322;65535 
1755;2952;442;0;2322;65535 
1721;2949;448;0;2322;65535 
1696;2945;449;0;2322;65535 
1760;2942;447;0;2322;65535 
1697;2939;447;0;2322;65535 
1619;2935;450;0;2322;65535 
1763;2932;441;0;2322;65535 
1747;2928;447;0;2322;65535 
1719;2924;448;0;2322;65535 
1710;2920;446;0;2322;65535 
1699;2917;448;0;2322;65535 
1673;2913;439;0;2322;65535 
1669;2910;445;0;2322;65535 
1685;2906;445;0;2322;65535 
1693;2903;445;0;2322;65535 
1643;2899;444;0;2322;65535 
1593;2896;446;0;2322;65535 
1729;2892;434;0;2322;65535 
1682;2888;445;0;2322;65535 
1664;2884;443;0;2322;65535 
1723;2881;442;0;2322;65535 
1721;2877;443;0;2322;65535 
1683;2874;435;0;2322;65535 
1669;2870;440;0;2322;65535 
1688;2867;440;0;2322;65535 
1674;2863;441;0;2322;65535 
1646;2860;437;0;2322;65535 
1626;2856;445;0;2322;65535 
1744;2852;431;0;2322;65535 
1707;2848;440;0;2322;65535 
1653;2844;436;0;2322;65535 
1722;2841;440;0;2322;65535 
1697;2837;440;0;2322;65535 
1678;2834;431;0;2322;65535 
1666;2830;437;0;2322;65535 
1679;2827;437;0;2322;65535 
1635;2823;437;0;2322;65535 
1623;2820;436;0;2322;65535 
1554;2816;436;0;2322;65535 
1710;2812;432;0;2322;65535 
1677;2808;435;0;2322;65535 
1638;2804;436;0;2322;65535 
1692;2801;434;0;2322;65535 
1689;2797;436;0;2322;65535 
1660;2793;427;0;2322;65535 
1646;2790;433;0;2322;65535 
1628;2786;431;0;2322;65535 
1630;2783;431;0;2322;65535 
1618;2779;435;0;2322;65535 
1562;2775;434;0;2322;65535 
1701;2772;425;0;2322;65535 
1682;2768;431;0;2322;65535 
1655;2764;431;0;2322;65535 
1669;2760;430;0;2322;65535 
1611;2756;430;0;2322;65535 
1672;2753;424;0;2322;65535 
1632;2749;429;0;2322;65535 
1583;2745;429;0;2322;65535 
1659;2741;427;0;2322;65535 
1612;2738;430;0;2322;65535 
1585;2734;421;0;2322;65535 
1614;2731;421;0;2322;65535 
1637;2727;426;0;2322;65535 
1613;2723;426;0;2322;65535 
1590;2719;426;0;2322;65535 
1530;2716;427;0;2322;65535 
1643;2712;419;0;2322;65535 
1637;2708;423;0;2322;65535 
1576;2704;424;0;2322;65535 
1583;2700;423;0;2322;65535 
1559;2696;425;0;2322;65535 
1601;2693;417;0;2322;65535 
1626;2689;422;0;2322;65535 
1623;2685;423;0;2322;65535 
1725;2681;421;0;2322;65535 
1637;2678;424;0;2322;65535 
1583;2674;415;0;2322;65535 
1618;2670;421;0;2322;65535 
1659;2666;419;0;2322;65535 
1629;2663;419;0;2322;65535 
1624;2659;424;0;2322;65535 
1555;2655;423;0;2322;65535 
1666;2651;415;0;2322;65535 
1636;2648;420;0;2322;65535 
1614;2644;421;0;2322;65535 
1614;2640;421;0;2322;65535 
1538;2636;422;0;2322;65535 
1638;2632;415;0;2322;65535 
1619;2628;419;0;2322;65535 
1556;2624;418;0;2322;65535 
1653;2621;422;0;2322;65535 
1627;2617;422;0;2322;65535 
1583;2613;413;0;2322;65535 
1570;2609;419;0;2322;65535 
1519;2605;419;0;2322;65535 
1654;2602;419;0;2322;65535 
1629;2598;420;0;2322;65535 
1543;2594;412;0;2322;65535 
1587;2590;417;0;2322;65535 
1594;2587;417;0;2322;65535 
1571;2583;418;0;2322;65535 
1539;2579;417;0;2322;65535 
1476;2575;419;0;2322;65535 
1623;2572;410;0;2322;65535 
1605;2568;416;0;2322;65535 
1588;2564;417;0;2322;65535 
1587;2560;415;0;2322;65535 
1479;2556;416;0;2322;65535 
1608;2552;408;0;2322;65535 
1609;2548;416;0;2322;65535 
1571;2544;415;0;2322;65535 
1577;2540;412;0;2322;65535 
1515;2536;416;0;2322;65535 
1568;2532;407;0;2322;65535 
1537;2529;412;0;2322;65535 
1527;2525;413;0;2322;65535 
1629;2521;410;0;2322;65535 
1590;2517;415;0;2322;65535 
1593;2995;418;0;2322;65535 
1525;2999;415;0;2322;65535 
1584;3002;413;0;2322;65535 
1492;3006;413;0;2322;65535 
0;0;0;0;2322;65535 
Tapez  1 pour afficher les mesures, 2 pour acquisition avant, 3 pour acquisition arriere: 
