??afficher les mesures, 2 pour acquisition avant, 3 pour acquisition arriere: 
Tapez  1 pour afficher les mesures, 2 pour acquisition avant, 3 pour acquisition arriere: 
Acquisition ... fait 
Tapez  1 pour afficher les mesures, 2 pour acquisition avant, 3 pour acquisition arriere: 
Mesures en acceleration 
Courant;Position;Vitesse 
0;0;65535 
0;0;65535 
0;0;65535 
0;0;65535 
2900;0;65535 
2671;1;27026 
2925;1;27026 
2775;1;27026 
2397;1;27026 
2332;1;27026 
2317;2;27026 
2617;2;27026 
2686;3;27026 
2686;3;27026 
2686;3;27026 
2645;4;27026 
2608;4;27026 
2224;4;27026 
2750;4;27026 
2242;4;27026 
2533;5;1750 
2533;5;1750 
2426;5;1750 
2443;6;1750 
2669;7;1750 
2763;7;1750 
2757;7;1750 
2799;7;1750 
2601;8;1750 
2414;8;1750 
2495;8;1750 
2495;8;1750 
2495;9;1446 
2495;9;1446 
2495;10;1446 
2516;11;1446 
2293;11;1446 
2505;12;1446 
2308;12;1446 
2399;12;1446 
2095;12;1446 
2019;13;1039 
2152;14;1039 
2351;14;1039 
2351;15;1039 
2351;16;1039 
2351;16;1039 
2351;16;1039 
2351;17;917 
2213;17;917 
2377;18;917 
2518;19;917 
2339;19;917 
1959;20;917 
2443;20;917 
2080;21;833 
2213;21;833 
2084;22;833 
2084;23;833 
2104;24;833 
2433;24;833 
2139;25;734 
2366;25;734 
2394;27;734 
2475;27;734 
2475;28;734 
2475;28;734 
2030;29;681 
1969;30;681 
2085;31;681 
2198;32;681 
2088;32;681 
1925;32;681 
1857;33;672 
1925;34;672 
2038;35;672 
2038;36;672 
2038;36;672 
2038;37;649 
2038;38;649 
2290;39;649 
1987;40;649 
2306;40;649 
2024;41;602 
2105;42;602 
2135;43;602 
1980;44;602 
2078;44;602 
1996;45;554 
1996;47;554 
1996;48;554 
1996;48;554 
1996;49;517 
1930;50;517 
1874;51;517 
1853;52;517 
2063;53;523 
2074;54;523 
1631;55;523 
1885;56;523 
2057;56;523 
2027;57;528 
1986;59;528 
2041;60;528 
2431;60;528 
1654;61;512 
1530;62;512 
1956;63;512 
2078;64;512 
2078;65;488 
2078;66;488 
2078;67;488 
1724;68;488 
1826;69;459 
2005;71;459 
1920;72;459 
1905;72;459 
1761;73;455 
1493;75;455 
1809;76;455 
1833;76;455 
1833;78;456 
1833;79;456 
1833;80;456 
1833;81;450 
1751;82;450 
1908;83;450 
2092;84;450 
1879;85;440 
2058;87;440 
1737;88;440 
1764;88;440 
1448;90;417 
1765;91;417 
1897;92;417 
1969;93;418 
1956;95;418 
1679;96;418 
1821;97;417 
2060;98;417 
2023;99;417 
2023;100;417 
2023;101;413 
2023;103;413 
2001;104;413 
1752;105;409 
1679;107;409 
1969;108;409 
1837;108;409 
1473;110;388 
1742;111;388 
1716;112;388 
1831;114;390 
1831;115;390 
1831;116;390 
1831;117;392 
1831;119;392 
1926;120;392 
1750;121;391 
1885;123;391 
1937;124;391 
1719;124;391 
1616;126;385 
1720;128;385 
1667;128;385 
1596;130;369 
1596;132;369 
1596;132;369 
1596;134;370 
2140;135;370 
2090;136;370 
2013;137;375 
2052;139;375 
1975;140;375 
1975;141;375 
2015;143;375 
2131;144;375 
1933;145;371 
2183;147;371 
1977;148;371 
2010;149;356 
2003;151;356 
1742;152;356 
1681;153;356 
2038;155;356 
2038;156;356 
2038;157;358 
2038;159;358 
2038;160;358 
1784;161;360 
2012;163;360 
2138;164;360 
1997;165;358 
1932;167;358 
1723;168;358 
1663;170;343 
1728;171;343 
1704;172;343 
1704;174;343 
1704;176;343 
1704;176;343 
1704;178;346 
1871;180;346 
1826;181;347 
1818;182;347 
1937;184;347 
1644;185;345 
2005;187;345 
1801;188;345 
1725;189;332 
1894;191;332 
1894;192;332 
1894;194;333 
9;195;333 
2001;196;333 
1969;198;335 
1914;200;335 
1961;200;335 
1961;203;335 
1961;204;335 
1615;205;333 
2061;207;333 
1893;208;333 
1641;209;320 
1913;211;320 
1523;212;320 
1626;214;323 
1524;216;323 
1701;217;324 
1701;219;324 
1701;220;324 
1701;221;327 
1701;223;327 
1701;224;327 
1882;226;325 
1891;228;325 
1665;229;313 
1878;231;313 
1505;232;313 
1569;233;315 
1749;235;315 
1896;236;315 
1786;238;317 
1786;240;317 
1786;241;318 
1786;243;318 
11;244;318 
1853;246;317 
1973;248;317 
1754;248;317 
1959;251;305 
1838;252;305 
1666;253;308 
1680;255;308 
1826;256;308 
1884;258;309 
1884;260;309 
1884;261;309 
2040;263;309 
2042;264;309 
1851;266;308 
1957;268;308 
1957;269;296 
1957;271;296 
1957;272;296 
1807;274;300 
1739;276;300 
1713;277;301 
1907;279;301 
1988;280;301 
1518;282;301 
1636;284;301 
1245;285;300 
1820;287;300 
1820;288;300 
1820;290;291 
1820;292;291 
1820;293;293 
1820;295;293 
1884;296;293 
1659;299;295 
1776;300;295 
1632;301;294 
1525;303;294 
1407;304;294 
1709;307;293 
1529;308;293 
1519;310;283 
1519;312;283 
1519;313;286 
1519;315;286 
1722;316;286 
1725;318;288 
1717;320;288 
1578;321;288 
1726;324;288 
1726;325;286 
1873;327;286 
1398;328;286 
1635;330;276 
1467;332;276 
1467;333;281 
1646;336;281 
1770;337;283 
1871;339;283 
1624;340;283 
1645;342;282 
1645;344;282 
1645;345;280 
1645;348;280 
1571;349;271 
1989;351;271 
1679;352;271 
1811;354;275 
1992;356;275 
1642;357;276 
1521;360;276 
1040;361;276 
1763;363;276 
1763;364;276 
1763;367;274 
1763;368;274 
1763;370;266 
1763;372;266 
1687;373;270 
1684;376;270 
1710;377;271 
1836;379;271 
1569;380;271 
1712;383;271 
1875;384;271 
1890;386;270 
1705;388;270 
1705;390;262 
1705;392;262 
1852;393;265 
1696;395;265 
1830;397;267 
1931;399;267 
1929;400;267 
1864;403;266 
1864;404;266 
1839;406;265 
1755;408;265 
1575;410;257 
1606;412;257 
2017;413;261 
1716;416;261 
1631;417;263 
1591;419;263 
1459;420;263 
1459;423;262 
1459;424;262 
1459;427;263 
1459;428;263 
1564;430;254 
1426;432;254 
1604;434;259 
1618;436;259 
1651;437;261 
1409;439;261 
1267;441;260 
1699;443;260 
1552;444;260 
1552;447;259 
1552;448;259 
1552;451;252 
1552;452;252 
1893;454;255 
1990;456;255 
1814;458;258 
1650;460;258 
1654;461;257 
1649;464;257 
1284;465;257 
1802;468;257 
1423;469;250 
1601;471;250 
1601;473;253 
1989;475;253 
1875;476;253 
1730;479;255 
1903;480;255 
1898;483;256 
1960;484;256 
1960;486;257 
1960;488;257 
1404;490;249 
1449;492;249 
1613;494;251 
1561;496;251 
1682;497;254 
1269;500;254 
1109;501;254 
1474;504;254 
1287;505;254 
1287;507;254 
1287;509;246 
1287;511;246 
1287;513;250 
1442;515;250 
1706;516;250 
1731;519;252 
1927;520;252 
1871;523;252 
1717;524;252 
1804;527;253 
1559;528;253 
1571;530;245 
1571;532;245 
1571;534;248 
1571;536;248 
1571;538;249 
1725;540;249 
1569;542;250 
1739;544;250 
1683;545;250 
1793;548;250 
1427;549;242 
1474;552;242 
1461;553;245 
1466;556;245 
1578;557;246 
1866;559;246 
1169;561;248 
1501;563;248 
1253;565;247 
1827;567;247 
1579;569;240 
1579;571;240 
1579;573;243 
1579;575;243 
1652;577;245 
1674;579;245 
1637;580;245 
1813;583;244 
1325;584;244 
1631;587;245 
1440;588;245 
1642;591;237 
1497;592;237 
1497;595;241 
1497;596;241 
1497;599;244 
1497;600;244 
1766;603;243 
1580;604;243 
1721;607;244 
1611;608;244 
1793;611;236 
1482;612;236 
1488;615;240 
1671;616;240 
1731;619;243 
1731;620;243 
1731;623;243 
1731;624;243 
1896;627;241 
1655;628;241 
1754;631;235 
1690;632;235 
1714;635;238 
1714;636;238 
1771;639;240 
1628;640;240 
1808;643;240 
1669;644;240 
1778;647;240 
1726;648;240 
1691;651;232 
1527;652;232 
1627;655;237 
1724;656;237 
1724;659;238 
1724;661;238 
1724;663;238 
1724;665;237 
1701;667;237 
1396;669;230 
1737;671;230 
1505;673;234 
1721;676;234 
1499;677;235 
1492;680;235 
1140;681;235 
1534;684;235 
1534;685;234 
1534;688;234 
1534;689;229 
1949;692;229 
1714;694;231 
1877;696;231 
1666;698;234 
1775;700;234 
1775;702;234 
1746;704;234 
1933;706;233 
1648;708;233 
1732;711;227 
1629;712;227 
1835;715;230 
1656;716;230 
1622;719;232 
1491;720;232 
1910;723;230 
1910;724;230 
1910;727;232 
1910;729;224 
1910;732;224 
1533;733;228 
1577;736;228 
1578;737;229 
1650;740;229 
1360;742;229 
1517;744;229 
1732;746;229 
1727;748;229 
1530;750;222 
1530;752;222 
1530;755;226 
1530;756;226 
1530;759;228 
1602;760;228 
1826;763;227 
1437;765;228 
1765;767;228 
1474;769;220 
1458;772;220 
1450;773;224 
1602;776;224 
1595;778;226 
1595;780;226 
1595;782;225 
10;784;225 
1820;787;227 
1501;788;227 
1897;791;220 
1721;793;223 
1721;795;223 
1721;797;225 
1491;800;225 
1280;801;224 
1506;804;224 
1615;806;225 
1657;808;225 
1191;810;219 
1417;812;219 
1630;815;222 
1528;816;222 
1528;819;224 
1528;820;224 
1528;823;223 
1528;825;223 
1528;828;223 
1425;829;218 
1595;832;218 
1532;834;219 
1899;836;219 
1420;838;222 
1618;840;222 
1677;843;222 
1415;844;222 
1612;847;221 
1612;849;216 
1612;852;216 
1612;853;219 
10;856;219 
1553;858;220 
1744;860;220 
1750;862;221 
1898;864;221 
1898;867;220 
1391;869;214 
1520;871;214 
1399;873;218 
1452;876;218 
1452;877;219 
1452;880;219 
1652;882;219 
1703;884;219 
1532;887;220 
1587;888;220 
1587;891;213 
1587;893;216 
1587;896;216 
1474;897;219 
1587;900;219 
1594;902;218 
1832;904;218 
1761;907;218 
1373;908;218 
1544;911;212 
1354;913;215 
1414;916;215 
1414;917;219 
1414;920;219 
1414;922;217 
1414;924;217 
1414;927;218 
1605;928;218 
1707;931;211 
1562;933;214 
1567;936;214 
1489;937;217 
1521;940;217 
1485;942;217 
1736;944;217 
1668;947;216 
1668;948;216 
1668;951;210 
1668;953;213 
1683;956;213 
1557;957;217 
1701;960;217 
1611;962;215 
1904;964;215 
1904;967;216 
1328;969;210 
1508;971;210 
1405;973;213 
1367;976;213 
1367;978;216 
1867;980;216 
1641;983;216 
1577;984;216 
1607;987;215 
1401;989;210 
1401;992;210 
1401;993;214 
1401;996;214 
1567;998;215 
1657;1000;215 
1744;1003;216 
1479;1004;216 
1714;1007;216 
1205;1009;209 
1337;1012;209 
1375;1013;215 
1605;1016;215 
1605;1018;215 
1605;1020;215 
1605;1023;216 
1605;1024;216 
1605;1027;216 
1370;1029;209 
1517;1032;209 
1512;1034;214 
1846;1036;214 
1602;1039;216 
1512;1040;216 
1606;1043;214 
1289;1045;216 
1541;1048;216 
1541;1049;209 
1541;1052;209 
1815;1054;213 
1611;1056;213 
1732;1059;215 
1602;1060;215 
1639;1063;215 
1385;1065;215 
1385;1068;215 
1011;1070;210 
1481;1072;210 
1711;1074;213 
1630;1076;213 
1956;1079;216 
1558;1081;215 
1371;1083;215 
1104;1085;215 
1393;1088;215 
1393;1090;209 
1393;1092;209 
1393;1095;213 
1393;1096;213 
1530;1099;215 
1028;1101;214 
1526;1104;214 
1532;1105;215 
1650;1108;215 
1185;1110;209 
1481;1112;209 
1600;1115;213 
1412;1117;214 
1412;1119;214 
1412;1121;215 
1412;1124;215 
1412;1126;214 
1412;1128;214 
1677;1131;209 
1599;1132;209 
1664;1135;212 
1543;1137;212 
1420;1140;212 
1440;1142;214 
1631;1144;214 
1676;1147;214 
1263;1148;214 
1263;1151;208 
1797;1153;210 
1426;1156;210 
1272;1157;213 
1633;1160;213 
1744;1162;213 
1744;1164;213 
1744;1167;213 
1744;1169;207 
1518;1172;207 
1435;1173;210 
1665;1176;210 
1583;1178;213 
1854;1180;213 
1595;1183;211 
1187;1184;211 
1449;1187;214 
1131;1189;206 
1131;1192;206 
1131;1194;210 
1131;1196;210 
1131;1199;212 
1564;1200;212 
1627;1203;212 
1305;1205;212 
1634;1208;212 
1106;1210;206 
1431;1212;206 
1468;1215;209 
1216;1217;211 
1526;1219;211 
1526;1221;211 
1526;1224;211 
1526;1226;211 
1526;1228;211 
2072;1231;206 
1555;1233;208 
1554;1236;208 
1455;1237;211 
211;1240;211 
1514;1242;210 
1658;1244;210 
1389;1247;211 
1306;1249;204 
1509;1252;204 
1851;1253;208 
1770;1256;208 
1447;1258;211 
1474;1260;211 
1765;1263;211 
1407;1265;210 
1407;1268;210 
1407;1269;205 
1407;1272;205 
1761;1274;208 
1621;1276;208 
1671;1279;210 
1335;1281;211 
1337;1284;211 
1385;1286;210 
1641;1288;210 
1455;1291;204 
1447;1292;204 
1447;1295;207 
1447;1297;210 
1447;1300;210 
1447;1302;209 
1746;1304;209 
1727;1307;209 
1330;1308;209 
1532;1311;203 
1427;1313;206 
1483;1316;206 
1568;1318;208 
1649;1320;208 
1655;1323;208 
1655;1325;208 
1655;1328;208 
1655;1330;202 
1576;1332;202 
993;1335;206 
1642;1336;206 
1620;1339;208 
988;1341;208 
988;1344;208 
1622;1346;207 
1582;1348;207 
1610;1351;202 
1351;1353;206 
1267;1356;206 
1487;1357;207 
1425;1360;207 
1415;1363;206 
1251;1364;206 
1648;1367;208 
1648;1369;201 
1648;1372;201 
1648;1374;205 
1648;1376;205 
1563;1379;206 
1408;1381;207 
1402;1384;207 
1360;1385;207 
1496;1388;207 
1462;1391;201 
1431;1392;201 
1349;1395;205 
1336;1397;206 
1336;1400;206 
1336;1402;207 
1336;1404;207 
1336;1407;206 
1303;1409;202 
1387;1412;202 
1469;1414;204 
1786;1416;204 
1651;1419;207 
1447;1420;207 
1517;1423;206 
1161;1425;207 
1444;1428;207 
1444;1430;201 
1444;1432;201 
10;1435;206 
1672;1437;206 
1279;1440;206 
1507;1442;208 
1571;1444;208 
1571;1447;207 
1571;1448;207 
1541;1451;202 
1398;1453;205 
1526;1456;205 
1513;1458;207 
0;0;0 
0;0;0 
0;0;0 
0;0;0 
0;0;0 
0;0;0 
0;0;0 
0;0;0 
0;0;0 
0;0;0 
0;0;0 
0;0;0 
0;0;0 
0;0;0 
0;0;0 
0;0;0 
0;0;0 
0;0;0 
0;0;0 
0;0;0 
0;0;0 
0;0;0 
0;0;0 
0;0;0 
0;0;0 
0;0;0 
0;0;0 
0;0;0 
0;0;0 
0;0;0 
0;0;0 
0;0;0 
0;0;0 
0;0;0 
0;0;0 
0;0;0 
0;0;0 
0;0;0 
0;0;0 
0;0;0 
0;0;0 
0;0;0 
0;0;0 
0;0;0 
0;0;0 
0;0;0 
0;0;0 
0;0;0 
0;0;0 
0;0;0 
0;0;0 
0;0;0 
0;0;0 
0;0;0 
0;0;0 
0;0;0 
0;0;0 
0;0;0 
0;0;0 
0;0;0 
0;0;0 
0;0;0 
0;0;0 
0;0;0 
0;0;0 
0;0;0 
0;0;0 
0;0;0 
0;0;0 
0;0;0 
0;0;0 
0;0;0 
0;0;0 
0;0;0 
0;0;0 
0;0;0 
0;0;0 
0;0;0 
0;0;0 
0;0;0 
0;0;0 
0;0;0 
0;0;0 
0;0;0 
0;0;0 
0;0;0 
0;0;0 
0;0;0 
0;0;0 
0;0;0 
0;0;0 
0;0;0 
0;0;0 
0;0;0 
0;0;0 
0;0;0 
0;0;0 
0;0;0 
0;0;0 
0;0;0 
0;0;0 
0;0;0 
0;0;0 
0;0;0 
0;0;0 
0;0;0 
0;0;0 
0;0;0 
0;0;0 
0;0;0 
0;0;0 
0;0;0 
0;0;0 
0;0;0 
0;0;0 
0;0;0 
0;0;0 
0;0;0 
0;0;0 
0;0;0 
0;0;0 
0;0;0 
0;0;0 
0;0;0 
0;0;0 
0;0;0 
0;0;0 
0;0;0 
0;0;0 
0;0;0 
0;0;0 
0;0;0 
0;0;0 
0;0;0 
0;0;0 
0;0;0 
0;0;0 
0;0;0 
0;0;0 
0;0;0 
0;0;0 
0;0;0 
0;0;0 
0;0;0 
0;0;0 
0;0;0 
0;0;0 
0;0;0 
0;0;0 
0;0;0 
0;0;0 
0;0;0 
0;0;0 
0;0;0 
0;0;0 
0;0;0 
0;0;0 
0;0;0 
0;0;0 
0;0;0 
0;0;0 
0;0;0 
0;0;0 
0;0;0 
0;0;0 
0;0;0 
0;0;0 
0;0;0 
 
 
Mesures en deceleration 
Courant;Position;Vitesse 
0;1460;207 
0;1463;208 
0;1465;212 
0;1467;212 
0;1469;213 
0;1472;213 
0;1473;223 
0;1476;223 
0;1477;232 
0;1480;232 
0;1482;239 
0;1484;239 
0;1485;247 
0;1488;247 
0;1489;248 
0;1492;248 
0;1493;259 
0;1495;259 
0;1496;259 
0;1499;270 
0;1500;270 
0;1502;278 
0;1504;278 
0;1505;289 
0;1507;289 
0;1508;289 
0;1510;292 
0;1512;292 
0;1513;308 
0;1515;308 
0;1516;308 
0;1517;322 
0;1519;322 
0;1520;322 
0;1522;336 
0;1523;336 
0;1524;336 
0;1526;350 
0;1528;350 
0;1528;350 
0;1530;356 
0;1531;356 
0;1532;356 
0;1533;378 
0;1535;378 
0;1536;378 
0;1537;402 
0;1539;402 
0;1540;402 
0;1540;402 
0;1542;423 
0;1543;423 
0;1544;423 
0;1545;449 
0;1546;449 
0;1547;449 
0;1548;449 
0;1549;465 
0;1550;465 
0;1551;465 
0;1552;465 
0;1552;465 
0;1554;505 
0;1555;505 
0;1556;505 
0;1556;505 
0;1557;550 
0;1558;550 
0;1559;550 
0;1560;550 
0;1560;550 
0;1561;602 
0;1562;602 
0;1563;602 
0;1564;602 
0;1564;602 
0;1564;602 
0;1565;670 
0;1566;670 
0;1567;670 
0;1568;670 
0;1568;670 
0;1568;670 
0;1569;741 
0;1570;741 
0;1571;741 
0;1571;741 
0;1572;741 
0;1572;741 
0;1572;741 
0;1573;857 
0;1573;857 
0;1574;857 
0;1575;857 
0;1575;857 
0;1576;857 
0;1576;857 
0;1576;857 
0;1576;857 
0;1577;1025 
0;1577;1025 
0;1578;1025 
0;1579;1025 
0;1579;1025 
0;1579;1025 
0;1580;1025 
0;1580;1025 
0;1580;1025 
0;1580;1025 
0;1580;1025 
0;1581;1324 
0;1581;1324 
0;1581;1324 
0;1582;1324 
0;1582;1324 
0;1583;1324 
0;1583;1324 
0;1583;1324 
0;1583;1324 
0;1584;1324 
0;1584;1324 
0;1584;1324 
0;1584;1324 
0;1584;1324 
0;1584;1324 
0;1584;1324 
0;1584;1324 
0;1585;2064 
0;1585;2064 
0;1585;2064 
0;1585;2064 
0;1585;2064 
0;1585;2064 
0;1585;2064 
0;1586;2064 
0;1586;2064 
0;1586;2064 
0;1586;2064 
0;1586;2064 
0;1586;2064 
0;1586;2064 
0;1586;2064 
0;1587;2064 
0;1587;2064 
0;1587;2064 
0;1587;2064 
0;1587;2064 
0;1587;2064 
0;1587;2064 
0;1587;2064 
0;1587;2064 
0;1587;2064 
0;1587;2064 
0;1587;2064 
0;1587;2064 
0;1587;2064 
0;1587;2064 
0;1587;2064 
0;1587;2064 
0;1587;2064 
0;1587;2064 
0;1587;2064 
0;1587;2064 
0;1587;2064 
0;1587;2064 
0;1587;2064 
0;1587;2064 
0;1587;2064 
0;1587;2064 
0;1587;2064 
0;1587;2064 
0;1587;2064 
0;1587;2064 
0;1587;2064 
0;1587;2064 
0;1587;2064 
0;1587;2064 
0;1587;2064 
0;1587;2064 
0;1587;2064 
0;1587;2064 
0;1587;2064 
0;1587;2064 
0;1587;2064 
0;1587;2064 
0;1587;2064 
0;1587;2064 
0;1587;2064 
0;1587;2064 
0;1587;2064 
0;1587;2064 
0;1587;2064 
0;1587;2064 
0;1587;2064 
0;1587;2064 
0;1587;2064 
0;1587;2064 
0;1587;2064 
0;1587;2064 
0;1587;2064 
0;1587;2064 
0;1587;2064 
0;1587;2064 
0;1587;2064 
0;1587;2064 
0;1587;2064 
0;1587;2064 
0;1587;2064 
0;1587;2064 
0;1587;2064 
0;1587;2064 
0;1587;2064 
0;1587;2064 
0;1587;2064 
0;1587;2064 
0;1587;2064 
0;1587;2064 
0;1587;2064 
0;1587;2064 
0;1587;2064 
0;1587;2064 
0;1587;2064 
0;1587;2064 
0;1587;2064 
0;1587;2064 
0;1587;2064 
0;1587;2064 
0;1587;2064 
0;1587;2064 
0;1587;2064 
0;1587;2064 
0;1587;2064 
0;1587;2064 
0;1587;2064 
0;1587;2064 
0;1587;2064 
0;1587;2064 
0;1587;2064 
0;1587;2064 
0;1587;2064 
0;1587;2064 
0;1587;2064 
0;1587;2064 
0;1587;2064 
0;1587;2064 
0;1587;2064 
0;1587;2064 
0;1587;2064 
0;1587;2064 
0;1587;2064 
0;1587;2064 
0;1587;2064 
0;1587;2064 
0;1587;2064 
0;1587;2064 
0;1587;2064 
0;1587;2064 
0;1587;2064 
0;1587;2064 
0;1587;2064 
0;1587;2064 
0;1587;2064 
0;1587;2064 
0;1587;2064 
0;1587;2064 
0;1587;2064 
0;1587;2064 
0;1587;2064 
0;1587;2064 
0;1587;2064 
0;1587;2064 
0;1587;2064 
0;1587;2064 
0;1587;2064 
0;1587;2064 
0;1587;2064 
0;1587;2064 
0;1587;2064 
0;1587;2064 
0;1587;2064 
0;1587;2064 
0;1587;2064 
0;1587;2064 
0;1587;2064 
0;1587;2064 
0;1587;2064 
0;1587;2064 
0;1587;2064 
0;1587;2064 
0;1587;2064 
0;1587;2064 
0;1587;2064 
0;1587;2064 
0;1587;2064 
0;1587;2064 
0;1587;2064 
0;1587;2064 
0;1587;2064 
0;1587;2064 
0;1587;2064 
0;1587;2064 
0;1587;2064 
0;1587;2064 
0;1587;2064 
0;1587;2064 
0;1587;2064 
0;1587;2064 
0;1587;2064 
0;1587;2064 
0;1587;2064 
0;1587;2064 
0;1587;2064 
0;1587;2064 
0;1587;2064 
0;1587;2064 
0;1587;2064 
0;1587;2064 
0;1587;2064 
0;1587;2064 
0;1587;2064 
0;1587;2064 
0;1587;2064 
0;1587;2064 
0;1587;2064 
0;1587;2064 
0;1587;2064 
0;1587;2064 
0;1587;2064 
0;1587;2064 
0;1587;2064 
0;1587;2064 
0;1587;2064 
0;1587;2064 
0;1587;2064 
0;1587;2064 
0;1587;2064 
0;1587;2064 
0;1587;2064 
0;1587;2064 
0;1587;2064 
0;1587;2064 
0;1587;2064 
0;1587;2064 
0;1587;2064 
0;1587;2064 
0;1587;2064 
0;1587;2064 
0;1587;2064 
0;1587;2064 
0;1587;2064 
0;1587;2064 
0;1587;2064 
0;1587;2064 
0;1587;2064 
0;1587;2064 
0;1587;2064 
0;1587;2064 
0;1587;2064 
0;1587;2064 
0;1587;2064 
0;1587;2064 
0;1587;2064 
0;1587;2064 
0;1587;2064 
0;1587;2064 
0;1587;2064 
0;1587;2064 
0;1587;2064 
0;1587;2064 
0;1587;2064 
0;1587;2064 
0;1587;2064 
0;1587;2064 
0;1587;2064 
0;1587;2064 
0;1587;2064 
0;1587;2064 
0;1587;2064 
0;1587;2064 
0;1587;2064 
0;1587;2064 
0;1587;2064 
0;1587;2064 
0;1587;2064 
0;1587;2064 
0;1587;2064 
0;1587;2064 
0;1587;2064 
0;1587;2064 
0;1587;2064 
0;1587;2064 
0;1587;2064 
0;1587;2064 
0;1587;2064 
0;1587;2064 
0;1587;2064 
0;1587;2064 
0;1587;2064 
0;1587;2064 
0;1587;2064 
0;1587;2064 
0;1587;2064 
0;1587;2064 
0;1587;2064 
0;1587;2064 
0;1587;2064 
0;1587;2064 
0;1587;2064 
0;1587;2064 
0;1587;2064 
0;1587;2064 
0;1587;2064 
0;1587;2064 
0;1587;2064 
0;1587;2064 
0;1587;2064 
0;1587;2064 
0;1587;2064 
0;1587;2064 
0;1587;2064 
0;1587;2064 
0;1587;2064 
0;1587;2064 
0;1587;2064 
0;1587;2064 
0;1587;2064 
0;1587;2064 
0;1587;2064 
0;1587;2064 
0;1587;2064 
0;1587;2064 
0;1587;2064 
0;1587;2064 
0;1587;2064 
0;1587;2064 
0;1587;2064 
0;1587;2064 
0;1587;2064 
0;1587;2064 
0;1587;2064 
0;1587;2064 
0;1587;2064 
0;1587;2064 
0;1587;2064 
0;1587;2064 
0;1587;2064 
0;1587;2064 
0;1587;2064 
0;1587;2064 
0;1587;2064 
0;1587;2064 
0;1587;2064 
0;1587;2064 
0;1587;2064 
0;1587;2064 
0;1587;2064 
0;1587;2064 
0;1587;2064 
0;1587;2064 
0;1587;2064 
0;1587;2064 
0;1587;2064 
0;1587;2064 
0;1587;2064 
0;1587;2064 
0;1587;2064 
0;1587;2064 
0;1587;2064 
0;1587;2064 
0;1587;2064 
0;1587;2064 
0;1587;2064 
0;1587;2064 
0;1587;2064 
0;1587;2064 
0;1587;2064 
0;1587;2064 
0;1587;2064 
0;1587;2064 
0;1587;2064 
0;1587;2064 
0;1587;2064 
0;1587;2064 
0;1587;2064 
0;1587;2064 
0;1587;2064 
0;1587;2064 
0;1587;2064 
0;1587;2064 
0;1587;2064 
0;1587;2064 
0;1587;2064 
0;1587;2064 
0;1587;2064 
0;1587;2064 
0;1587;2064 
0;1587;2064 
0;1587;2064 
0;1587;2064 
0;1587;2064 
0;1587;2064 
0;1587;2064 
0;1587;2064 
0;1587;2064 
0;1587;2064 
0;1587;2064 
0;1587;2064 
0;1587;2064 
0;1587;2064 
0;1587;2064 
0;1587;2064 
0;1587;2064 
0;1587;2064 
0;1587;2064 
0;1587;2064 
0;1587;2064 
0;1587;2064 
0;1587;2064 
0;1587;2064 
0;1587;2064 
0;1587;2064 
0;1587;2064 
0;1587;2064 
0;1587;2064 
0;1587;2064 
0;1587;2064 
0;1587;2064 
0;1587;2064 
0;1587;2064 
0;1587;2064 
0;1587;2064 
0;1587;2064 
0;1587;2064 
0;1587;2064 
0;1587;2064 
0;1587;2064 
0;1587;2064 
0;1587;2064 
0;1587;2064 
0;1587;2064 
0;1587;2064 
0;1587;2064 
0;1587;2064 
0;1587;2064 
0;1587;2064 
0;1587;2064 
0;1587;2064 
0;1587;2064 
0;1587;2064 
0;1587;2064 
0;1587;2064 
0;1587;2064 
0;1587;2064 
0;1587;2064 
0;1587;2064 
0;1587;2064 
0;1587;2064 
0;1587;2064 
0;1587;2064 
0;1587;2064 
0;1587;2064 
0;1587;2064 
0;1587;2064 
0;1587;2064 
0;1587;2064 
0;1587;2064 
0;1587;2064 
0;1587;2064 
0;1587;2064 
0;1587;2064 
0;1587;2064 
0;1587;2064 
0;1587;2064 
0;1587;2064 
0;1587;2064 
0;1587;2064 
0;1587;2064 
0;1587;2064 
0;1587;2064 
0;1587;2064 
0;1587;2064 
0;1587;2064 
0;1587;2064 
0;1587;2064 
0;1587;2064 
0;1587;2064 
0;1587;2064 
0;1587;2064 
0;1587;2064 
0;1587;2064 
0;1587;2064 
0;1587;2064 
0;1587;2064 
0;1587;2064 
0;1587;2064 
0;1587;2064 
0;1587;2064 
0;1587;2064 
0;1587;2064 
0;1587;2064 
0;1587;2064 
0;1587;2064 
0;1587;2064 
0;1587;2064 
0;1587;2064 
0;1587;2064 
0;1587;2064 
0;1587;2064 
0;1587;2064 
0;1587;2064 
0;1587;2064 
0;1587;2064 
0;1587;2064 
0;1587;2064 
0;1587;2064 
0;1587;2064 
0;1587;2064 
0;1587;2064 
0;1587;2064 
0;1587;2064 
0;1587;2064 
0;1587;2064 
0;1587;2064 
0;1587;2064 
0;1587;2064 
0;1587;2064 
0;1587;2064 
0;1587;2064 
0;1587;2064 
0;1587;2064 
0;1587;2064 
0;1587;2064 
0;1587;2064 
0;1587;2064 
0;1587;2064 
0;1587;2064 
0;1587;2064 
0;1587;2064 
0;1587;2064 
0;1587;2064 
0;1587;2064 
0;1587;2064 
0;1587;2064 
0;1587;2064 
0;1587;2064 
0;1587;2064 
0;1587;2064 
0;1587;2064 
0;1587;2064 
0;1587;2064 
0;1587;2064 
0;1587;2064 
0;1587;2064 
0;1587;2064 
0;1587;2064 
0;1587;2064 
0;1587;2064 
0;1587;2064 
0;1587;2064 
0;1587;2064 
0;1587;2064 
0;1587;2064 
0;1587;2064 
0;1587;2064 
0;1587;2064 
0;1587;2064 
0;1587;2064 
0;1587;2064 
0;1587;2064 
0;1587;2064 
0;1587;2064 
0;1587;2064 
0;1587;2064 
0;1587;2064 
0;1587;2064 
0;1587;2064 
0;1587;2064 
0;1587;2064 
0;1587;2064 
0;1587;2064 
0;1587;2064 
0;1587;2064 
0;1587;2064 
0;1587;2064 
0;1587;2064 
0;1587;2064 
0;1587;2064 
0;1587;2064 
0;1587;2064 
0;1587;2064 
0;1587;2064 
0;1587;2064 
0;1587;2064 
0;1587;2064 
0;1587;2064 
0;1587;2064 
0;1587;2064 
0;1587;2064 
0;1587;2064 
0;1587;2064 
0;1587;2064 
0;1587;2064 
0;1587;2064 
0;1587;2064 
0;1587;2064 
0;1587;2064 
0;1587;2064 
0;1587;2064 
0;1587;2064 
0;1587;2064 
0;1587;2064 
0;1587;2064 
0;1587;2064 
0;1587;2064 
0;1587;2064 
0;1587;2064 
0;1587;2064 
0;1587;2064 
0;1587;2064 
0;1587;2064 
0;1587;2064 
0;1587;2064 
0;1587;2064 
0;1587;2064 
0;1587;2064 
0;1587;2064 
0;1587;2064 
0;1587;2064 
0;1587;2064 
0;1587;2064 
0;1587;2064 
0;1587;2064 
0;1587;2064 
0;1587;2064 
0;1587;2064 
0;1587;2064 
0;1587;2064 
0;1587;2064 
0;1587;2064 
0;1587;2064 
0;1587;2064 
0;1587;2064 
0;1587;2064 
0;1587;2064 
0;1587;2064 
0;1587;2064 
0;1587;2064 
0;1587;2064 
0;1587;2064 
0;1587;2064 
0;1587;2064 
0;1587;2064 
0;1587;2064 
0;1587;2064 
0;1587;2064 
0;1587;2064 
0;1587;2064 
0;1587;2064 
0;1587;2064 
0;1587;2064 
0;1587;2064 
0;1587;2064 
0;1587;2064 
0;1587;2064 
0;1587;2064 
0;1587;2064 
0;1587;2064 
0;1587;2064 
0;1587;2064 
0;1587;2064 
0;1587;2064 
0;1587;2064 
0;1587;2064 
0;1587;2064 
0;1587;2064 
0;1587;2064 
0;1587;2064 
0;1587;2064 
0;1587;2064 
0;1587;2064 
0;1587;2064 
0;1587;2064 
0;1587;2064 
0;1587;2064 
0;1587;2064 
0;1587;2064 
0;1587;2064 
0;1587;2064 
0;1587;2064 
0;1587;2064 
0;1587;2064 
0;1587;2064 
0;1587;2064 
0;1587;2064 
0;1587;2064 
0;1587;2064 
0;1587;2064 
0;1587;2064 
0;1587;2064 
0;1587;2064 
0;1587;2064 
0;1587;2064 
0;1587;2064 
0;1587;2064 
0;1587;2064 
0;1587;2064 
0;1587;2064 
0;1587;2064 
0;1587;2064 
0;1587;2064 
0;1587;2064 
0;1587;2064 
0;1587;2064 
0;1587;2064 
0;1587;2064 
0;1587;2064 
0;1587;2064 
0;1587;2064 
0;1587;2064 
0;1587;2064 
0;1587;2064 
0;1587;2064 
0;1587;2064 
0;1587;2064 
0;1587;2064 
0;1587;2064 
0;1587;2064 
0;1587;2064 
0;1587;2064 
0;1587;2064 
0;1587;2064 
0;1587;2064 
0;1587;2064 
0;0;0 
0;0;0 
0;0;0 
0;0;0 
0;0;0 
0;0;0 
0;0;0 
0;0;0 
0;0;0 
0;0;0 
0;0;0 
0;0;0 
0;0;0 
0;0;0 
0;0;0 
0;0;0 
0;0;0 
0;0;0 
0;0;0 
0;0;0 
0;0;0 
0;0;0 
0;0;0 
0;0;0 
0;0;0 
0;0;0 
0;0;0 
0;0;0 
0;0;0 
0;0;0 
0;0;0 
0;0;0 
0;0;0 
0;0;0 
0;0;0 
0;0;0 
0;0;0 
0;0;0 
0;0;0 
0;0;0 
0;0;0 
0;0;0 
0;0;0 
0;0;0 
0;0;0 
0;0;0 
0;0;0 
0;0;0 
0;0;0 
0;0;0 
0;0;0 
0;0;0 
0;0;0 
0;0;0 
0;0;0 
0;0;0 
0;0;0 
0;0;0 
0;0;0 
0;0;0 
0;0;0 
0;0;0 
0;0;0 
0;0;0 
0;0;0 
0;0;0 
0;0;0 
0;0;0 
0;0;0 
0;0;0 
0;0;0 
0;0;0 
0;0;0 
0;0;0 
0;0;0 
0;0;0 
0;0;0 
0;0;0 
0;0;0 
0;0;0 
0;0;0 
0;0;0 
0;0;0 
0;0;0 
0;0;0 
0;0;0 
0;0;0 
0;0;0 
0;0;0 
0;0;0 
0;0;0 
0;0;0 
0;0;0 
0;0;0 
0;0;0 
0;0;0 
0;0;0 
0;0;0 
0;0;0 
0;0;0 
0;0;0 
0;0;0 
0;0;0 
0;0;0 
0;0;0 
0;0;0 
0;0;0 
0;0;0 
0;0;0 
0;0;0 
0;0;0 
0;0;0 
0;0;0 
0;0;0 
0;0;0 
0;0;0 
0;0;0 
0;0;0 
0;0;0 
0;0;0 
0;0;0 
0;0;0 
0;0;0 
0;0;0 
0;0;0 
0;0;0 
0;0;0 
0;0;0 
0;0;0 
0;0;0 
0;0;0 
0;0;0 
0;0;0 
0;0;0 
0;0;0 
0;0;0 
0;0;0 
0;0;0 
0;0;0 
0;0;0 
0;0;0 
0;0;0 
0;0;0 
0;0;0 
0;0;0 
0;0;0 
0;0;0 
0;0;0 
0;0;0 
0;0;0 
0;0;0 
0;0;0 
0;0;0 
0;0;0 
0;0;0 
0;0;0 
0;0;0 
0;0;0 
0;0;0 
0;0;0 
0;0;0 
0;0;0 
0;0;0 
0;0;0 
0;0;0 
0;0;0 
0;0;0 
Tapez  1 pour afficher les mesures, 2 pour acquisition avant, 3 pour acquisition arriere: 
Acquisition ... fait 
Tapez  1 pour afficher les mesures, 2 pour acquisition avant, 3 pour acquisition arriere: 
Mesures en acceleration 
Courant;Position;Vitesse 
0;1587;65535 
0;1587;65535 
2884;1587;65535 
2675;1587;65535 
2420;1586;28653 
3077;1586;28653 
2748;1586;28653 
2894;1586;28653 
2938;1585;28653 
2868;1585;28653 
2840;1585;28653 
2840;1584;28653 
2840;1584;28653 
2840;1584;28653 
2840;1584;28653 
2305;1583;28653 
2541;1583;28653 
2621;1583;28653 
2762;1582;1658 
2550;1581;1658 
2415;1580;1658 
2390;1580;1658 
2503;1580;1658 
2279;1579;1658 
2279;1579;1658 
2279;1578;883 
2749;1577;883 
2336;1576;883 
2188;1576;883 
2262;1576;883 
2220;1575;883 
2220;1574;725 
2220;1573;725 
1779;1572;725 
2084;1572;725 
2293;1571;725 
1939;1571;725 
2220;1570;721 
1953;1569;721 
2444;1568;721 
2237;1568;721 
2061;1568;721 
2061;1567;721 
2061;1566;771 
2061;1565;771 
2061;1565;771 
2061;1564;771 
2129;1564;771 
2063;1563;771 
2099;1563;771 
2344;1562;791 
1910;1561;791 
2257;1560;791 
2011;1560;791 
1972;1560;791 
1838;1559;791 
1838;1558;750 
1838;1557;750 
1838;1556;750 
2399;1556;750 
2091;1556;750 
2300;1555;750 
2330;1554;665 
2036;1553;665 
2018;1552;665 
2105;1552;665 
2016;1551;665 
1988;1550;618 
2192;1549;618 
2192;1548;618 
2192;1548;618 
2045;1547;618 
1941;1546;610 
2131;1545;610 
2025;1544;610 
2025;1544;610 
2025;1543;610 
2025;1542;601 
2160;1541;601 
1902;1540;601 
1716;1540;601 
2020;1539;601 
2321;1537;579 
2281;1537;579 
2229;1536;579 
1960;1535;579 
2042;1534;538 
2042;1533;538 
2042;1532;538 
2042;1532;538 
2042;1531;538 
2042;1529;516 
2164;1528;516 
2256;1528;516 
2249;1527;516 
2041;1526;515 
2071;1524;515 
1965;1524;515 
1409;1523;515 
1982;1522;504 
2055;1521;504 
2055;1520;504 
2055;1519;504 
2055;1518;492 
2269;1517;492 
2122;1516;492 
2036;1515;492 
2068;1514;469 
1943;1513;469 
1943;1512;469 
2178;1511;469 
1889;1509;451 
2131;1508;451 
2107;1508;451 
2107;1507;451 
1845;1505;444 
1868;1504;444 
1585;1503;444 
1851;1502;434 
1851;1501;434 
1851;1500;434 
1851;1499;434 
1851;1497;436 
1709;1496;436 
1860;1496;436 
2114;1494;423 
1755;1493;423 
1960;1492;423 
2060;1491;423 
1847;1489;413 
1988;1488;413 
1782;1487;413 
1782;1486;410 
1782;1484;410 
1782;1484;410 
1782;1483;410 
1782;1481;397 
1940;1480;397 
1813;1479;397 
1838;1477;395 
1923;1476;395 
1876;1475;395 
1908;1474;385 
1568;1472;385 
1932;1471;385 
1849;1470;379 
1849;1468;379 
1849;1468;379 
2321;1466;376 
2031;1464;376 
1654;1464;376 
2122;1462;369 
2161;1461;369 
2161;1460;369 
2161;1459;369 
2078;1457;370 
2132;1456;370 
2050;1455;370 
1557;1453;362 
2066;1452;362 
1893;1451;362 
1822;1449;357 
1977;1448;357 
1892;1447;357 
1892;1445;357 
1892;1444;357 
1892;1442;348 
1892;1440;348 
1596;1440;348 
1803;1438;351 
2058;1436;351 
1927;1436;351 
1890;1434;344 
1562;1432;344 
1911;1431;344 
1538;1429;341 
1955;1428;341 
1955;1427;341 
1955;1425;339 
1955;1424;339 
1955;1423;339 
1955;1421;333 
2071;1420;333 
1898;1418;336 
2107;1416;336 
1969;1416;336 
1768;1414;333 
1596;1412;333 
1865;1411;333 
1557;1409;331 
1846;1408;331 
1846;1407;331 
2107;1405;330 
1712;1404;330 
1622;1402;323 
1983;1400;323 
1742;1399;323 
1850;1398;326 
1850;1396;326 
1850;1395;326 
1437;1393;323 
1590;1392;323 
1747;1391;323 
1647;1388;320 
1851;1388;320 
1562;1386;318 
1726;1384;318 
1472;1383;318 
1448;1381;313 
1448;1380;313 
1448;1378;317 
1448;1376;317 
1448;1375;317 
1686;1373;314 
1601;1372;314 
1951;1371;314 
1690;1369;311 
1913;1368;311 
1553;1366;312 
1714;1364;312 
1487;1363;312 
1507;1361;306 
1507;1360;306 
1507;1358;312 
1507;1356;312 
1507;1355;312 
1625;1353;308 
1561;1352;308 
1747;1351;308 
1891;1348;306 
1812;1347;306 
1559;1345;306 
1658;1344;306 
1729;1343;306 
1552;1340;301 
1547;1339;301 
1893;1337;305 
1801;1336;305 
1668;1335;305 
1118;1333;302 
1713;1332;302 
1620;1330;300 
1620;1328;300 
1620;1327;300 
1620;1324;299 
1358;1323;299 
1647;1321;293 
1705;1320;293 
1699;1319;293 
1697;1316;298 
1443;1315;298 
1569;1313;296 
1536;1312;296 
1573;1311;296 
1573;1308;295 
1573;1307;295 
1573;1305;294 
1573;1304;294 
1711;1302;291 
1586;1300;291 
1630;1299;291 
1689;1297;295 
1625;1296;295 
1332;1294;291 
1461;1292;291 
1807;1291;291 
1485;1289;291 
1485;1288;291 
1485;1285;290 
1485;1284;290 
1819;1283;290 
1823;1280;285 
1683;1279;285 
1635;1277;288 
1659;1276;288 
1659;1274;285 
1424;1272;285 
1759;1271;285 
1380;1268;284 
1473;1267;284 
1444;1265;284 
1609;1264;284 
1545;1262;280 
1626;1260;280 
1463;1259;280 
1981;1257;285 
1981;1256;285 
1981;1253;282 
1981;1252;282 
1981;1250;281 
1813;1248;281 
1721;1247;281 
1701;1245;281 
1282;1243;281 
1239;1241;277 
1606;1240;277 
1524;1238;280 
1572;1236;280 
1720;1235;280 
1720;1233;278 
1720;1231;278 
1720;1229;277 
1720;1228;277 
1282;1226;277 
1756;1224;277 
1647;1223;277 
1659;1220;272 
1629;1219;272 
1484;1217;276 
1506;1216;276 
1441;1214;274 
1283;1212;274 
1283;1210;273 
1283;1208;273 
2188;1207;273 
1811;1205;273 
1085;1203;273 
1582;1201;270 
1854;1200;270 
1854;1198;272 
1854;1196;272 
1780;1195;272 
1289;1192;271 
1877;1191;271 
1707;1189;268 
1623;1187;268 
1384;1185;270 
1277;1184;270 
1494;1182;265 
1473;1180;265 
1473;1178;268 
1473;1176;268 
1473;1175;268 
1473;1172;265 
1473;1171;265 
1613;1169;265 
1828;1168;265 
1560;1165;266 
1177;1164;266 
1077;1162;262 
1474;1160;262 
1457;1159;262 
1562;1156;266 
1588;1155;266 
1588;1153;265 
1588;1151;265 
1588;1149;264 
2165;1148;264 
1481;1145;265 
1647;1144;265 
1636;1142;261 
1705;1140;261 
1597;1139;261 
1516;1136;264 
1536;1135;264 
1113;1133;264 
1523;1131;264 
1523;1129;263 
1523;1128;263 
1539;1125;265 
1411;1124;265 
1500;1122;259 
1621;1120;259 
1621;1118;264 
1621;1116;264 
1621;1115;264 
1327;1112;261 
1671;1111;261 
1693;1109;261 
1712;1107;261 
1530;1105;262 
1121;1104;262 
1341;1101;256 
1586;1100;256 
1494;1098;259 
1494;1096;259 
1494;1094;258 
1494;1092;258 
1494;1091;258 
1494;1088;257 
1625;1087;257 
1701;1084;257 
1145;1083;257 
1564;1081;253 
1459;1079;253 
1480;1077;257 
1455;1076;257 
1362;1073;257 
1058;1072;257 
1058;1070;256 
1058;1068;256 
1058;1066;257 
1693;1064;257 
1686;1063;257 
1538;1060;252 
1466;1059;252 
1629;1056;256 
1629;1055;256 
1105;1053;255 
1484;1051;255 
1485;1049;254 
1526;1048;254 
1526;1045;256 
1541;1044;256 
1314;1041;251 
1432;1040;251 
1359;1038;255 
1359;1036;255 
1359;1034;254 
1359;1032;254 
1359;1031;254 
1678;1028;254 
1360;1027;254 
1409;1024;255 
1429;1023;255 
1431;1020;251 
1377;1019;251 
1251;1017;256 
1506;1016;256 
1319;1013;256 
1319;1012;256 
1319;1009;255 
1319;1008;255 
1319;1006;256 
1319;1004;256 
1648;1002;252 
1479;1000;252 
1623;999;252 
1754;996;258 
1617;995;258 
1329;992;256 
1667;991;256 
1593;989;257 
1569;987;257 
1569;985;257 
1569;984;257 
1590;981;254 
1575;980;254 
1629;977;258 
1686;976;258 
1559;974;257 
1559;972;257 
1559;971;257 
1743;968;257 
1419;967;257 
1356;964;257 
1266;963;257 
1819;960;252 
1574;959;252 
1263;957;256 
1350;956;256 
1398;953;255 
1398;952;255 
1398;949;254 
1398;948;254 
1398;946;255 
1471;944;255 
1721;942;251 
1626;940;251 
1713;938;255 
1691;936;255 
1653;935;255 
1195;932;254 
1607;931;254 
1507;928;252 
1507;927;252 
1507;925;253 
1507;923;253 
1507;921;249 
1507;919;249 
1598;917;252 
1645;916;252 
1428;913;252 
1272;912;252 
1381;909;250 
1531;908;250 
1356;906;250 
1446;904;250 
1635;902;246 
1635;900;246 
1943;898;249 
1297;896;249 
1519;894;247 
1494;892;247 
1777;891;247 
1841;888;247 
1841;887;247 
1841;884;247 
1614;883;247 
1471;880;243 
1493;879;243 
1656;876;246 
1734;875;246 
1270;872;245 
1521;871;245 
1426;868;245 
1526;867;245 
1526;864;246 
1526;863;246 
1526;861;241 
1526;859;241 
1607;857;244 
1644;855;244 
1207;853;244 
1671;851;244 
1627;849;243 
1413;847;243 
1455;845;242 
1164;843;242 
1467;841;240 
1467;839;240 
1467;837;242 
1467;835;242 
1467;833;241 
1816;831;241 
1655;829;240 
1387;827;240 
1433;825;241 
1279;823;241 
1376;821;237 
1370;819;237 
1309;817;241 
1467;815;241 
1355;813;239 
1907;811;239 
1629;809;240 
1361;807;240 
1292;805;240 
1267;803;240 
1629;801;236 
1629;799;236 
1629;797;240 
1629;795;240 
1172;793;239 
1534;791;239 
1566;789;238 
1455;787;238 
1258;785;240 
1005;783;240 
1357;781;234 
1398;779;234 
1519;777;238 
1519;775;238 
1519;773;238 
1519;771;238 
1519;768;237 
1539;767;237 
1495;764;238 
1190;763;238 
1528;760;235 
1490;759;235 
1520;756;238 
1497;755;238 
1308;752;238 
1646;751;238 
1646;748;238 
1646;747;238 
1646;744;239 
1833;743;239 
1350;740;234 
1460;739;234 
1484;736;239 
1716;735;239 
1716;732;239 
1689;731;239 
1611;728;239 
1462;727;239 
1344;724;240 
1497;723;240 
1490;720;235 
1361;719;235 
1248;716;240 
1519;715;240 
1245;712;239 
1245;711;239 
1245;708;239 
1245;707;239 
1245;704;241 
1553;703;241 
1449;700;236 
1580;699;236 
1658;696;240 
1525;695;240 
1064;692;240 
1502;691;240 
1477;688;240 
1387;687;240 
1387;684;242 
1387;683;242 
1387;680;237 
1387;679;237 
1626;676;242 
1751;675;242 
1349;672;241 
1808;671;241 
1759;668;241 
1320;667;241 
1256;664;242 
1533;663;242 
1442;660;238 
1442;659;238 
1442;656;242 
2139;655;242 
1430;652;240 
1539;651;240 
1713;648;240 
1608;647;240 
1608;644;241 
1608;643;241 
1483;640;236 
1479;639;236 
1495;636;240 
1689;635;240 
1281;632;239 
1528;631;239 
1511;628;237 
1439;627;237 
1419;624;239 
1419;622;235 
1419;620;235 
1419;618;238 
1419;616;238 
1419;614;237 
1322;612;237 
1345;610;236 
1430;608;236 
1417;606;237 
1305;604;237 
1512;602;232 
1306;600;232 
1402;598;236 
1457;596;236 
1457;594;235 
1457;592;235 
1457;590;235 
1885;588;235 
1377;585;234 
1179;584;234 
1490;581;231 
1459;580;231 
186;577;235 
1391;576;235 
738;573;233 
1211;571;233 
1384;569;233 
1384;567;233 
1384;565;234 
844;563;234 
1143;561;230 
1271;559;230 
1685;556;234 
1685;555;234 
1685;552;233 
1685;551;233 
1526;548;232 
1554;547;232 
1438;544;235 
1511;543;235 
1448;540;229 
1393;538;234 
1064;536;234 
1319;534;232 
1388;532;232 
1388;530;232 
1388;528;232 
1388;526;233 
1388;524;233 
1388;521;229 
1508;520;229 
1510;517;232 
1504;516;232 
945;513;231 
1144;512;231 
1288;509;232 
1243;507;232 
1385;505;232 
637;503;232 
637;500;227 
637;499;227 
637;496;232 
1868;495;232 
978;492;230 
1695;491;230 
1695;488;230 
1695;487;230 
1695;484;230 
1288;482;228 
1333;480;228 
1453;478;230 
1412;476;230 
1241;474;230 
1226;472;230 
1186;469;231 
1549;468;231 
1304;465;230 
1304;463;230 
1304;461;227 
1304;459;227 
1304;457;230 
1304;455;230 
1203;453;229 
1584;451;229 
1434;448;231 
1436;447;231 
1247;444;230 
1435;443;230 
1381;440;227 
1529;438;230 
1147;436;230 
1147;434;231 
1147;432;231 
1147;430;231 
1700;428;231 
1440;425;231 
1316;424;231 
1439;421;227 
1541;420;227 
1541;417;232 
1509;416;232 
1253;413;232 
1319;411;232 
1536;409;232 
1536;407;232 
1682;405;232 
788;403;232 
1233;400;229 
1342;399;229 
1342;396;232 
1342;395;232 
1342;392;232 
1342;391;232 
1596;388;232 
1561;387;232 
1537;384;232 
1503;382;229 
1492;380;229 
1480;378;232 
1343;376;232 
1177;374;232 
1400;372;232 
1400;370;232 
1400;368;232 
1400;365;233 
1400;364;233 
1400;361;229 
1475;360;229 
1569;357;233 
1595;356;233 
1270;353;233 
1184;351;233 
1376;349;233 
1417;347;233 
1357;345;233 
835;343;233 
835;340;230 
835;339;230 
1689;336;234 
1442;335;234 
1340;332;233 
1707;331;233 
1601;328;232 
1601;327;232 
1601;324;233 
1424;322;230 
1437;320;230 
1580;318;233 
1314;316;233 
1641;314;232 
1538;312;232 
1062;310;231 
1333;308;231 
1250;305;232 
1250;304;232 
1250;301;228 
1250;300;228 
1250;297;232 
1502;296;232 
1311;293;231 
1381;291;231 
1472;289;230 
1644;287;230 
1439;284;230 
1199;283;230 
1300;280;228 
1277;279;228 
1277;276;231 
1277;275;231 
1277;272;230 
1277;270;229 
1277;268;229 
1381;266;231 
1426;264;231 
1505;262;226 
1523;260;226 
1324;257;230 
1282;256;230 
1147;253;229 
1152;252;229 
1381;249;228 
1381;247;228 
1720;245;229 
818;243;229 
1094;240;225 
1476;239;225 
1680;236;228 
1771;235;228 
1771;232;228 
1771;231;228 
1527;228;227 
1265;226;227 
1442;224;227 
1504;222;224 
1347;220;224 
1125;217;227 
1181;216;227 
966;213;226 
1172;211;226 
1172;209;226 
1172;207;226 
1172;204;227 
1172;203;227 
1245;200;224 
1456;199;224 
1378;196;227 
1577;194;226 
1449;192;226 
1213;190;227 
1394;188;227 
1111;185;226 
1209;184;226 
1209;181;224 
1209;180;224 
1209;177;227 
0;0;0 
0;0;0 
0;0;0 
0;0;0 
0;0;0 
0;0;0 
0;0;0 
0;0;0 
0;0;0 
0;0;0 
0;0;0 
0;0;0 
0;0;0 
0;0;0 
0;0;0 
0;0;0 
0;0;0 
0;0;0 
0;0;0 
0;0;0 
0;0;0 
0;0;0 
0;0;0 
0;0;0 
0;0;0 
0;0;0 
0;0;0 
0;0;0 
0;0;0 
0;0;0 
0;0;0 
0;0;0 
0;0;0 
0;0;0 
0;0;0 
0;0;0 
0;0;0 
0;0;0 
0;0;0 
0;0;0 
0;0;0 
0;0;0 
0;0;0 
0;0;0 
0;0;0 
0;0;0 
0;0;0 
0;0;0 
0;0;0 
0;0;0 
0;0;0 
0;0;0 
0;0;0 
0;0;0 
0;0;0 
0;0;0 
0;0;0 
0;0;0 
0;0;0 
0;0;0 
0;0;0 
0;0;0 
0;0;0 
0;0;0 
0;0;0 
0;0;0 
0;0;0 
0;0;0 
0;0;0 
0;0;0 
0;0;0 
0;0;0 
0;0;0 
0;0;0 
0;0;0 
0;0;0 
0;0;0 
0;0;0 
0;0;0 
0;0;0 
0;0;0 
0;0;0 
0;0;0 
0;0;0 
0;0;0 
0;0;0 
0;0;0 
0;0;0 
0;0;0 
0;0;0 
0;0;0 
0;0;0 
0;0;0 
0;0;0 
0;0;0 
0;0;0 
0;0;0 
0;0;0 
0;0;0 
0;0;0 
0;0;0 
0;0;0 
0;0;0 
0;0;0 
0;0;0 
0;0;0 
0;0;0 
0;0;0 
0;0;0 
0;0;0 
0;0;0 
0;0;0 
0;0;0 
0;0;0 
0;0;0 
0;0;0 
0;0;0 
0;0;0 
0;0;0 
0;0;0 
0;0;0 
0;0;0 
0;0;0 
0;0;0 
0;0;0 
0;0;0 
0;0;0 
0;0;0 
0;0;0 
0;0;0 
0;0;0 
0;0;0 
0;0;0 
0;0;0 
0;0;0 
0;0;0 
0;0;0 
0;0;0 
0;0;0 
0;0;0 
0;0;0 
0;0;0 
0;0;0 
0;0;0 
0;0;0 
0;0;0 
0;0;0 
0;0;0 
0;0;0 
0;0;0 
0;0;0 
0;0;0 
0;0;0 
0;0;0 
0;0;0 
0;0;0 
0;0;0 
0;0;0 
0;0;0 
0;0;0 
0;0;0 
0;0;0 
0;0;0 
0;0;0 
0;0;0 
0;0;0 
0;0;0 
 
 
Mesures en deceleration 
Courant;Position;Vitesse 
0;175;227 
0;173;226 
0;171;226 
0;169;233 
0;167;233 
0;165;240 
0;163;240 
0;161;244 
0;159;244 
0;157;255 
0;156;255 
0;154;263 
0;152;263 
0;150;271 
0;148;271 
0;147;271 
0;145;280 
0;144;280 
0;142;285 
0;140;285 
0;139;285 
0;137;299 
0;136;299 
0;134;309 
0;132;309 
0;131;309 
0;129;321 
0;128;321 
0;127;321 
0;125;334 
0;124;334 
0;123;334 
0;121;342 
0;120;342 
0;119;342 
0;117;360 
0;116;360 
0;115;360 
0;113;375 
0;112;375 
0;111;375 
0;109;393 
0;108;393 
0;108;393 
0;106;413 
0;105;413 
0;104;413 
0;103;413 
0;102;429 
0;100;429 
0;100;429 
0;99;429 
0;97;458 
0;96;458 
0;96;458 
0;95;458 
0;94;488 
0;92;488 
0;92;488 
0;91;488 
0;90;522 
0;89;522 
0;88;522 
0;88;522 
0;87;522 
0;86;566 
0;85;566 
0;84;566 
0;84;566 
0;83;566 
0;82;608 
0;81;608 
0;80;608 
0;80;608 
0;79;608 
0;79;608 
0;77;676 
0;77;676 
0;76;676 
0;76;676 
0;75;676 
0;75;676 
0;74;766 
0;73;766 
0;73;766 
0;72;766 
0;72;766 
0;72;766 
0;71;766 
0;70;878 
0;70;878 
0;69;878 
0;68;878 
0;68;878 
0;68;878 
0;68;878 
0;67;878 
0;67;878 
0;66;1052 
0;66;1052 
0;65;1052 
0;65;1052 
0;64;1052 
0;64;1052 
0;64;1052 
0;64;1052 
0;63;1052 
0;63;1052 
0;63;1052 
0;62;1328 
0;62;1328 
0;61;1328 
0;61;1328 
0;61;1328 
0;60;1328 
0;60;1328 
0;60;1328 
0;60;1328 
0;60;1328 
0;60;1328 
0;60;1328 
0;59;1328 
0;59;1328 
0;59;1328 
0;59;1328 
0;59;1328 
0;59;1328 
0;58;2088 
0;58;2088 
0;58;2088 
0;58;2088 
0;57;2088 
0;57;2088 
0;57;2088 
0;57;2088 
0;57;2088 
0;57;2088 
0;57;2088 
0;57;2088 
0;57;2088 
0;57;2088 
0;57;2088 
0;57;2088 
0;57;2088 
0;57;2088 
0;57;2088 
0;57;2088 
0;57;2088 
0;57;2088 
0;57;2088 
0;57;2088 
0;57;2088 
0;57;2088 
0;57;2088 
0;57;2088 
0;57;2088 
0;57;2088 
0;57;2088 
0;57;2088 
0;57;2088 
0;57;2088 
0;57;2088 
0;57;2088 
0;57;2088 
0;57;2088 
0;57;2088 
0;57;2088 
0;57;2088 
0;57;2088 
0;57;2088 
0;57;2088 
0;57;2088 
0;57;2088 
0;57;2088 
0;57;2088 
0;57;2088 
0;57;2088 
0;57;2088 
0;57;2088 
0;57;2088 
0;57;2088 
0;57;2088 
0;57;2088 
0;57;2088 
0;57;2088 
0;57;2088 
0;57;2088 
0;57;2088 
0;57;2088 
0;57;2088 
0;57;2088 
0;57;2088 
0;57;2088 
0;57;2088 
0;57;2088 
0;57;2088 
0;57;2088 
0;57;2088 
0;57;2088 
0;57;2088 
0;57;2088 
0;57;2088 
0;57;2088 
0;57;2088 
0;57;2088 
0;57;2088 
0;57;2088 
0;57;2088 
0;57;2088 
0;57;2088 
0;57;2088 
0;57;2088 
0;57;2088 
0;57;2088 
0;57;2088 
0;57;2088 
0;57;2088 
0;57;2088 
0;57;2088 
0;57;2088 
0;57;2088 
0;57;2088 
0;57;2088 
0;57;2088 
0;57;2088 
0;57;2088 
0;57;2088 
0;57;2088 
0;57;2088 
0;57;2088 
0;57;2088 
0;57;2088 
0;57;2088 
0;57;2088 
0;57;2088 
0;57;2088 
0;57;2088 
0;57;2088 
0;57;2088 
0;57;2088 
0;57;2088 
0;57;2088 
0;57;2088 
0;57;2088 
0;57;2088 
0;57;2088 
0;57;2088 
0;57;2088 
0;57;2088 
0;57;2088 
0;57;2088 
0;57;2088 
0;57;2088 
0;57;2088 
0;57;2088 
0;57;2088 
0;57;2088 
0;57;2088 
0;57;2088 
0;57;2088 
0;57;2088 
0;57;2088 
0;57;2088 
0;57;2088 
0;57;2088 
0;57;2088 
0;57;2088 
0;57;2088 
0;57;2088 
0;57;2088 
0;57;2088 
0;57;2088 
0;57;2088 
0;57;2088 
0;57;2088 
0;57;2088 
0;57;2088 
0;57;2088 
0;57;2088 
0;57;2088 
0;57;2088 
0;57;2088 
0;57;2088 
0;57;2088 
0;57;2088 
0;57;2088 
0;57;2088 
0;57;2088 
0;57;2088 
0;57;2088 
0;57;2088 
0;57;2088 
0;57;2088 
0;57;2088 
0;57;2088 
0;57;2088 
0;57;2088 
0;57;2088 
0;57;2088 
0;57;2088 
0;57;2088 
0;57;2088 
0;57;2088 
0;57;2088 
0;57;2088 
0;57;2088 
0;57;2088 
0;57;2088 
0;57;2088 
0;57;2088 
0;57;2088 
0;57;2088 
0;57;2088 
0;57;2088 
0;57;2088 
0;57;2088 
0;57;2088 
0;57;2088 
0;57;2088 
0;57;2088 
0;57;2088 
0;57;2088 
0;57;2088 
0;57;2088 
0;57;2088 
0;57;2088 
0;57;2088 
0;57;2088 
0;57;2088 
0;57;2088 
0;57;2088 
0;57;2088 
0;57;2088 
0;57;2088 
0;57;2088 
0;57;2088 
0;57;2088 
0;57;2088 
0;57;2088 
0;57;2088 
0;57;2088 
0;57;2088 
0;57;2088 
0;57;2088 
0;57;2088 
0;57;2088 
0;57;2088 
0;57;2088 
0;57;2088 
0;57;2088 
0;57;2088 
0;57;2088 
0;57;2088 
0;57;2088 
0;57;2088 
0;57;2088 
0;57;2088 
0;57;2088 
0;57;2088 
0;57;2088 
0;57;2088 
0;57;2088 
0;57;2088 
0;57;2088 
0;57;2088 
0;57;2088 
0;57;2088 
0;57;2088 
0;57;2088 
0;57;2088 
0;57;2088 
0;57;2088 
0;57;2088 
0;57;2088 
0;57;2088 
0;57;2088 
0;57;2088 
0;57;2088 
0;57;2088 
0;57;2088 
0;57;2088 
0;57;2088 
0;57;2088 
0;57;2088 
0;57;2088 
0;57;2088 
0;57;2088 
0;57;2088 
0;57;2088 
0;57;2088 
0;57;2088 
0;57;2088 
0;57;2088 
0;57;2088 
0;57;2088 
0;57;2088 
0;57;2088 
0;57;2088 
0;57;2088 
0;57;2088 
0;57;2088 
0;57;2088 
0;57;2088 
0;57;2088 
0;57;2088 
0;57;2088 
0;57;2088 
0;57;2088 
0;57;2088 
0;57;2088 
0;57;2088 
0;57;2088 
0;57;2088 
0;57;2088 
0;57;2088 
0;57;2088 
0;57;2088 
0;57;2088 
0;57;2088 
0;57;2088 
0;57;2088 
0;57;2088 
0;57;2088 
0;57;2088 
0;57;2088 
0;57;2088 
0;57;2088 
0;57;2088 
0;57;2088 
0;57;2088 
0;57;2088 
0;57;2088 
0;57;2088 
0;57;2088 
0;57;2088 
0;57;2088 
0;57;2088 
0;57;2088 
0;57;2088 
0;57;2088 
0;57;2088 
0;57;2088 
0;57;2088 
0;57;2088 
0;57;2088 
0;57;2088 
0;57;2088 
0;57;2088 
0;57;2088 
0;57;2088 
0;57;2088 
0;57;2088 
0;57;2088 
0;57;2088 
0;57;2088 
0;57;2088 
0;57;2088 
0;57;2088 
0;57;2088 
0;57;2088 
0;57;2088 
0;57;2088 
0;57;2088 
0;57;2088 
0;57;2088 
0;57;2088 
0;57;2088 
0;57;2088 
0;57;2088 
0;57;2088 
0;57;2088 
0;57;2088 
0;57;2088 
0;57;2088 
0;57;2088 
0;57;2088 
0;57;2088 
0;57;2088 
0;57;2088 
0;57;2088 
0;57;2088 
0;57;2088 
0;57;2088 
0;57;2088 
0;57;2088 
0;57;2088 
0;57;2088 
0;57;2088 
0;57;2088 
0;57;2088 
0;57;2088 
0;57;2088 
0;57;2088 
0;57;2088 
0;57;2088 
0;57;2088 
0;57;2088 
0;57;2088 
0;57;2088 
0;57;2088 
0;57;2088 
0;57;2088 
0;57;2088 
0;57;2088 
0;57;2088 
0;57;2088 
0;57;2088 
0;57;2088 
0;57;2088 
0;57;2088 
0;57;2088 
0;57;2088 
0;57;2088 
0;57;2088 
0;57;2088 
0;57;2088 
0;57;2088 
0;57;2088 
0;57;2088 
0;57;2088 
0;57;2088 
0;57;2088 
0;57;2088 
0;57;2088 
0;57;2088 
0;57;2088 
0;57;2088 
0;57;2088 
0;57;2088 
0;57;2088 
0;57;2088 
0;57;2088 
0;57;2088 
0;57;2088 
0;57;2088 
0;57;2088 
0;57;2088 
0;57;2088 
0;57;2088 
0;57;2088 
0;57;2088 
0;57;2088 
0;57;2088 
0;57;2088 
0;57;2088 
0;57;2088 
0;57;2088 
0;57;2088 
0;57;2088 
0;57;2088 
0;57;2088 
0;57;2088 
0;57;2088 
0;57;2088 
0;57;2088 
0;57;2088 
0;57;2088 
0;57;2088 
0;57;2088 
0;57;2088 
0;57;2088 
0;57;2088 
0;57;2088 
0;57;2088 
0;57;2088 
0;57;2088 
0;57;2088 
0;57;2088 
0;57;2088 
0;57;2088 
0;57;2088 
0;57;2088 
0;57;2088 
0;57;2088 
0;57;2088 
0;57;2088 
0;57;2088 
0;57;2088 
0;57;2088 
0;57;2088 
0;57;2088 
0;57;2088 
0;57;2088 
0;57;2088 
0;57;2088 
0;57;2088 
0;57;2088 
0;57;2088 
0;57;2088 
0;57;2088 
0;57;2088 
0;57;2088 
0;57;2088 
0;57;2088 
0;57;2088 
0;57;2088 
0;57;2088 
0;57;2088 
0;57;2088 
0;57;2088 
0;57;2088 
0;57;2088 
0;57;2088 
0;57;2088 
0;57;2088 
0;57;2088 
0;57;2088 
0;57;2088 
0;57;2088 
0;57;2088 
0;57;2088 
0;57;2088 
0;57;2088 
0;57;2088 
0;57;2088 
0;57;2088 
0;57;2088 
0;57;2088 
0;57;2088 
0;57;2088 
0;57;2088 
0;57;2088 
0;57;2088 
0;57;2088 
0;57;2088 
0;57;2088 
0;57;2088 
0;57;2088 
0;57;2088 
0;57;2088 
0;57;2088 
0;57;2088 
0;57;2088 
0;57;2088 
0;57;2088 
0;57;2088 
0;57;2088 
0;57;2088 
0;57;2088 
0;57;2088 
0;57;2088 
0;57;2088 
0;57;2088 
0;57;2088 
0;57;2088 
0;57;2088 
0;57;2088 
0;57;2088 
0;57;2088 
0;57;2088 
0;57;2088 
0;57;2088 
0;57;2088 
0;57;2088 
0;57;2088 
0;57;2088 
0;57;2088 
0;57;2088 
0;57;2088 
0;57;2088 
0;57;2088 
0;57;2088 
0;57;2088 
0;57;2088 
0;57;2088 
0;57;2088 
0;57;2088 
0;57;2088 
0;57;2088 
0;57;2088 
0;57;2088 
0;57;2088 
0;57;2088 
0;57;2088 
0;57;2088 
0;57;2088 
0;57;2088 
0;57;2088 
0;57;2088 
0;57;2088 
0;57;2088 
0;57;2088 
0;57;2088 
0;57;2088 
0;57;2088 
0;57;2088 
0;57;2088 
0;57;2088 
0;57;2088 
0;57;2088 
0;57;2088 
0;57;2088 
0;57;2088 
0;57;2088 
0;57;2088 
0;57;2088 
0;57;2088 
0;57;2088 
0;57;2088 
0;57;2088 
0;57;2088 
0;57;2088 
0;57;2088 
0;57;2088 
0;57;2088 
0;57;2088 
0;57;2088 
0;57;2088 
0;57;2088 
0;57;2088 
0;57;2088 
0;57;2088 
0;57;2088 
0;57;2088 
0;57;2088 
0;57;2088 
0;57;2088 
0;57;2088 
0;57;2088 
0;57;2088 
0;57;2088 
0;57;2088 
0;57;2088 
0;57;2088 
0;57;2088 
0;57;2088 
0;57;2088 
0;57;2088 
0;57;2088 
0;57;2088 
0;57;2088 
0;57;2088 
0;57;2088 
0;57;2088 
0;57;2088 
0;57;2088 
0;57;2088 
0;57;2088 
0;57;2088 
0;57;2088 
0;57;2088 
0;57;2088 
0;57;2088 
0;57;2088 
0;57;2088 
0;57;2088 
0;57;2088 
0;57;2088 
0;57;2088 
0;57;2088 
0;57;2088 
0;57;2088 
0;57;2088 
0;57;2088 
0;57;2088 
0;57;2088 
0;57;2088 
0;57;2088 
0;57;2088 
0;57;2088 
0;57;2088 
0;57;2088 
0;57;2088 
0;57;2088 
0;57;2088 
0;57;2088 
0;57;2088 
0;57;2088 
0;57;2088 
0;57;2088 
0;57;2088 
0;57;2088 
0;57;2088 
0;57;2088 
0;57;2088 
0;57;2088 
0;57;2088 
0;57;2088 
0;57;2088 
0;57;2088 
0;57;2088 
0;57;2088 
0;57;2088 
0;57;2088 
0;57;2088 
0;57;2088 
0;57;2088 
0;57;2088 
0;57;2088 
0;57;2088 
0;57;2088 
0;57;2088 
0;57;2088 
0;57;2088 
0;57;2088 
0;57;2088 
0;57;2088 
0;57;2088 
0;57;2088 
0;57;2088 
0;57;2088 
0;57;2088 
0;57;2088 
0;57;2088 
0;57;2088 
0;57;2088 
0;57;2088 
0;57;2088 
0;57;2088 
0;57;2088 
0;57;2088 
0;57;2088 
0;57;2088 
0;57;2088 
0;57;2088 
0;57;2088 
0;57;2088 
0;57;2088 
0;57;2088 
0;57;2088 
0;57;2088 
0;57;2088 
0;57;2088 
0;57;2088 
0;57;2088 
0;57;2088 
0;57;2088 
0;57;2088 
0;57;2088 
0;57;2088 
0;57;2088 
0;57;2088 
0;57;2088 
0;57;2088 
0;0;0 
0;0;0 
0;0;0 
0;0;0 
0;0;0 
0;0;0 
0;0;0 
0;0;0 
0;0;0 
0;0;0 
0;0;0 
0;0;0 
0;0;0 
0;0;0 
0;0;0 
0;0;0 
0;0;0 
0;0;0 
0;0;0 
0;0;0 
0;0;0 
0;0;0 
0;0;0 
0;0;0 
0;0;0 
0;0;0 
0;0;0 
0;0;0 
0;0;0 
0;0;0 
0;0;0 
0;0;0 
0;0;0 
0;0;0 
0;0;0 
0;0;0 
0;0;0 
0;0;0 
0;0;0 
0;0;0 
0;0;0 
0;0;0 
0;0;0 
0;0;0 
0;0;0 
0;0;0 
0;0;0 
0;0;0 
0;0;0 
0;0;0 
0;0;0 
0;0;0 
0;0;0 
0;0;0 
0;0;0 
0;0;0 
0;0;0 
0;0;0 
0;0;0 
0;0;0 
0;0;0 
0;0;0 
0;0;0 
0;0;0 
0;0;0 
0;0;0 
0;0;0 
0;0;0 
0;0;0 
0;0;0 
0;0;0 
0;0;0 
0;0;0 
0;0;0 
0;0;0 
0;0;0 
0;0;0 
0;0;0 
0;0;0 
0;0;0 
0;0;0 
0;0;0 
0;0;0 
0;0;0 
0;0;0 
0;0;0 
0;0;0 
0;0;0 
0;0;0 
0;0;0 
0;0;0 
0;0;0 
0;0;0 
0;0;0 
0;0;0 
0;0;0 
0;0;0 
0;0;0 
0;0;0 
0;0;0 
0;0;0 
0;0;0 
0;0;0 
0;0;0 
0;0;0 
0;0;0 
0;0;0 
0;0;0 
0;0;0 
0;0;0 
0;0;0 
0;0;0 
0;0;0 
0;0;0 
0;0;0 
0;0;0 
0;0;0 
0;0;0 
0;0;0 
0;0;0 
0;0;0 
0;0;0 
0;0;0 
0;0;0 
0;0;0 
0;0;0 
0;0;0 
0;0;0 
0;0;0 
0;0;0 
0;0;0 
0;0;0 
0;0;0 
0;0;0 
0;0;0 
0;0;0 
0;0;0 
0;0;0 
0;0;0 
0;0;0 
0;0;0 
0;0;0 
0;0;0 
0;0;0 
0;0;0 
0;0;0 
0;0;0 
0;0;0 
0;0;0 
0;0;0 
0;0;0 
0;0;0 
0;0;0 
0;0;0 
0;0;0 
0;0;0 
0;0;0 
0;0;0 
0;0;0 
0;0;0 
0;0;0 
0;0;0 
0;0;0 
0;0;0 
0;0;0 
0;0;0 
Tapez  1 pour afficher les mesures, 2 pour acquisition avant, 3 pour acquisition arriere: 
