??afficher les mesures, 2 pour acquisition avant, 3 pour acquisition arriere: 
Tapez  1 pour afficher les mesures, 2 pour acquisition avant, 3 pour acquisition arriere: 
Acquisition ... fait 
Tapez  1 pour afficher les mesures, 2 pour acquisition avant, 3 pour acquisition arriere: 
Mesures en acceleration 
Courant;Position;Vitesse 
2144;0;65535 
2076;0;65535 
2481;0;65535 
2763;0;65535 
2763;0;65535 
2763;0;65535 
2638;1;65535 
2321;1;65535 
2252;1;65535 
2053;1;65535 
2387;1;65535 
2532;2;65535 
2532;2;65535 
2286;2;65535 
2335;2;65535 
2395;2;65535 
2133;2;65535 
2133;2;65535 
2038;2;65535 
2422;3;1976 
2371;3;1976 
2513;3;1976 
2513;3;1976 
2513;3;1976 
2513;4;1976 
2513;4;1976 
2309;4;1976 
2155;5;1976 
2469;5;1976 
2504;6;1976 
2333;6;1976 
2317;6;1976 
2258;6;1976 
2501;6;1976 
2141;7;1793 
2141;7;1793 
2141;7;1793 
2141;8;1793 
2141;8;1793 
2141;9;1793 
2213;9;1793 
2442;9;1793 
2493;10;1793 
2519;10;1793 
2623;10;1793 
2534;10;1793 
2519;11;1427 
2402;11;1427 
2101;12;1427 
2101;12;1427 
2101;13;1427 
2018;13;1427 
2325;14;1427 
2249;14;1427 
2063;14;1427 
2573;14;1427 
144;15;1197 
144;15;1197 
2206;16;1197 
2299;16;1197 
1770;17;1197 
2267;17;1197 
1888;18;1197 
2109;18;1197 
2425;18;1197 
2335;19;1037 
1936;19;1037 
1936;20;1037 
1936;21;1037 
1936;21;1037 
1936;22;1037 
2088;22;1037 
2227;22;1037 
2298;23;937 
2305;24;937 
2468;24;937 
2157;25;937 
1864;26;937 
1761;26;937 
2471;26;937 
2471;27;886 
2471;27;886 
2471;28;886 
2471;29;886 
2471;30;886 
2212;30;886 
2367;30;886 
2264;31;871 
2241;31;871 
1888;32;871 
2043;33;871 
2122;33;871 
2033;34;871 
2087;34;871 
2087;35;846 
2081;35;846 
2275;36;846 
2060;37;846 
2258;38;846 
2062;38;846 
2574;38;846 
2574;39;800 
2574;40;800 
1902;41;800 
2071;41;800 
2097;42;800 
2135;42;800 
2484;43;727 
1985;44;727 
2020;45;727 
1965;45;727 
1659;46;727 
1659;46;727 
1659;47;696 
1659;48;696 
1659;49;696 
2170;49;696 
2103;50;696 
2243;50;696 
2394;51;739 
1909;52;739 
1758;52;739 
2124;53;739 
1916;54;739 
2195;54;739 
2195;55;752 
2195;55;752 
2195;56;752 
2195;57;752 
1989;58;752 
2479;58;752 
2491;59;699 
2164;60;699 
2086;61;699 
1972;62;699 
2412;62;699 
2254;63;641 
1962;63;641 
2083;64;641 
1986;65;641 
2130;66;641 
2093;66;641 
1510;67;617 
1880;68;617 
2269;69;617 
2269;70;617 
2269;70;617 
2269;71;644 
2117;72;644 
2081;73;644 
2125;74;644 
2281;74;644 
2082;75;661 
2123;75;661 
1910;76;661 
2179;77;661 
2065;78;661 
2065;78;661 
2065;79;632 
2065;80;632 
2065;81;632 
2052;82;632 
2271;82;632 
2319;83;596 
2407;84;596 
2274;85;596 
1811;86;596 
2047;87;566 
1867;88;566 
1877;89;566 
1877;90;566 
1877;90;566 
1877;91;581 
2088;92;581 
2080;93;581 
2088;94;581 
2449;94;581 
2360;95;585 
2360;96;585 
1918;97;585 
2018;98;585 
2406;98;585 
2059;99;562 
2180;100;562 
2013;101;562 
2112;102;562 
1955;103;536 
1931;104;536 
2019;105;536 
2019;106;536 
2019;106;536 
2019;107;518 
2019;109;518 
1876;110;518 
2322;110;518 
2069;111;528 
2134;112;528 
1960;113;528 
1574;114;528 
1879;115;530 
1653;116;530 
1747;117;530 
1747;118;530 
1747;118;530 
1747;119;519 
1747;121;519 
2213;122;519 
1889;122;519 
2014;123;502 
2086;124;502 
1982;126;502 
2123;126;502 
1660;127;484 
1743;128;484 
1979;130;484 
1979;130;484 
1979;131;484 
2522;132;484 
2165;134;484 
2180;134;484 
2198;135;482 
2176;136;482 
2176;138;482 
2176;138;482 
1938;139;477 
2021;140;477 
2012;142;477 
1918;142;477 
1873;143;474 
1919;144;474 
1669;146;474 
2109;146;474 
1549;147;467 
1549;149;467 
1549;150;467 
1549;150;467 
1549;151;471 
1549;153;471 
2009;154;471 
2261;154;471 
2049;155;467 
1878;157;467 
1664;158;467 
2148;159;457 
1730;160;457 
1575;161;457 
1904;162;457 
1904;163;451 
1904;164;451 
1904;165;451 
2585;166;451 
1587;167;445 
2175;169;445 
2015;170;445 
2245;170;445 
2023;172;448 
2008;173;448 
1815;174;448 
1872;175;444 
2070;176;444 
2070;177;444 
2070;178;444 
2126;179;438 
2092;180;438 
1983;182;438 
2054;182;438 
2054;184;434 
2054;185;434 
2054;186;434 
1920;187;427 
2019;188;427 
1837;190;427 
2049;190;427 
1817;191;430 
2005;193;430 
1798;194;430 
1895;195;425 
2033;196;425 
2033;198;425 
2033;198;425 
2033;199;417 
2033;201;417 
2033;202;417 
1860;203;413 
1817;204;413 
1782;206;413 
2238;206;413 
1496;208;407 
1419;209;407 
2364;210;407 
1840;211;411 
1809;213;411 
1809;214;411 
1809;214;411 
1809;216;411 
1909;217;411 
2159;218;411 
1964;219;406 
2014;221;406 
2026;222;406 
2026;223;406 
1879;224;406 
1568;226;406 
2067;226;406 
1768;228;398 
1768;229;398 
1957;230;398 
1893;231;401 
1734;233;401 
1625;234;401 
1625;235;399 
1625;236;399 
1625;238;399 
1625;238;399 
1759;240;396 
2012;241;396 
1817;242;396 
1918;243;395 
1958;245;395 
1163;246;395 
1691;247;388 
1444;249;388 
1913;250;388 
1913;251;392 
1913;252;392 
1913;254;392 
1913;254;392 
1913;256;389 
1847;257;389 
2161;258;389 
1960;259;388 
1779;261;388 
2433;262;388 
1776;263;388 
1972;265;388 
1421;266;388 
1839;267;382 
1839;268;382 
1839;270;382 
2209;270;382 
1580;272;385 
2010;274;385 
2098;274;385 
1971;276;382 
1971;277;382 
1971;278;382 
1802;279;379 
1564;281;379 
2561;282;379 
1840;283;377 
2151;285;377 
1470;286;377 
1831;287;372 
1569;289;372 
1777;290;372 
1777;291;376 
1777;292;376 
1777;294;376 
1777;295;377 
1871;296;377 
1696;298;377 
2062;298;377 
1961;300;374 
1732;302;374 
1695;302;374 
1635;304;374 
1587;305;374 
2079;306;374 
2079;308;368 
2079;309;368 
2079;310;368 
2079;312;372 
2079;313;372 
1976;314;372 
2069;315;371 
2025;317;371 
1636;318;371 
1901;319;369 
1689;321;369 
1805;322;369 
1825;323;369 
2014;325;369 
2014;326;369 
1889;327;366 
1843;329;366 
1751;330;366 
2062;331;369 
2165;333;369 
1989;334;369 
1989;335;368 
1989;337;368 
1611;338;368 
2095;339;366 
1837;340;366 
2064;342;366 
2105;343;366 
1820;344;366 
1340;346;366 
1901;347;361 
1581;348;361 
1581;350;361 
1581;351;365 
1581;352;365 
1581;354;365 
1452;355;365 
2117;356;365 
1560;358;365 
2253;359;364 
2035;360;364 
1773;362;364 
1736;362;364 
1608;364;364 
1774;366;364 
1774;366;364 
1774;368;358 
1774;370;358 
1774;370;358 
2072;372;362 
1999;374;362 
1757;374;362 
2100;376;362 
1778;378;362 
2087;378;362 
1984;380;358 
1798;382;358 
1705;382;358 
1882;384;357 
1879;386;357 
2089;387;353 
1633;388;353 
1532;390;353 
1809;391;358 
2002;392;358 
2002;394;358 
2002;395;357 
2002;396;357 
1476;398;357 
2059;399;355 
2004;400;355 
1906;402;355 
1836;403;354 
1713;404;354 
1630;406;354 
1737;407;351 
1690;409;351 
1690;410;351 
1690;411;356 
1690;413;356 
1690;414;356 
1928;415;353 
1974;417;353 
1918;418;353 
2060;419;349 
1492;421;349 
1606;422;349 
1829;423;347 
1731;425;347 
1699;426;347 
1699;428;343 
1699;429;343 
1699;430;343 
1739;432;347 
2142;433;347 
1973;434;347 
2206;436;347 
1731;438;347 
1731;438;347 
1887;440;345 
1931;442;345 
1907;443;343 
1915;444;343 
1618;446;343 
1841;447;339 
1429;449;339 
1802;450;339 
1384;451;343 
1921;453;343 
1921;454;343 
1921;455;343 
1921;457;343 
1921;458;343 
1606;460;339 
1676;462;339 
1651;462;339 
1875;464;339 
1486;466;339 
1806;467;337 
1495;468;337 
1766;470;337 
1811;471;343 
1811;473;343 
1811;474;343 
1811;475;340 
1811;477;340 
1759;478;340 
1842;479;337 
1531;481;337 
1914;482;337 
1897;484;339 
1681;486;339 
1913;486;339 
1527;488;337 
1738;490;337 
1738;491;341 
1738;492;341 
1350;494;341 
2051;495;340 
1621;497;340 
1999;498;340 
1829;499;337 
1829;501;337 
1829;502;337 
1775;504;338 
1876;505;338 
1982;506;338 
1588;508;334 
1646;510;334 
1644;511;338 
1625;512;338 
1643;514;338 
1722;515;336 
1722;517;336 
1722;518;336 
1722;519;335 
1722;521;335 
1722;522;335 
1781;524;335 
1811;525;335 
2021;526;335 
1766;528;332 
1693;530;332 
1854;531;336 
1675;532;336 
1777;534;336 
1887;535;335 
1887;537;335 
1887;538;335 
1887;539;330 
2221;541;330 
1745;542;330 
1978;544;329 
1839;546;329 
2096;547;326 
1780;548;326 
1836;550;326 
1873;551;329 
1932;553;329 
2161;554;329 
2161;556;327 
2161;557;327 
2057;558;327 
1803;560;326 
1742;562;326 
1915;563;326 
1915;565;326 
1915;566;326 
1915;567;324 
1482;569;324 
1776;570;324 
1818;572;328 
1679;574;328 
1762;575;325 
1875;576;325 
1540;578;325 
1730;579;323 
1593;581;323 
1593;582;323 
1593;584;324 
1593;586;324 
1593;586;324 
1593;588;321 
1842;590;321 
2007;591;325 
2004;593;325 
2086;594;325 
1764;595;324 
1633;597;324 
1790;598;324 
1784;600;323 
1793;602;323 
1793;603;323 
1793;605;323 
1793;606;323 
1733;607;320 
1464;609;320 
1989;610;320 
1989;612;325 
1989;614;325 
1989;615;323 
1830;617;323 
1662;618;323 
1792;619;323 
1696;621;323 
1773;622;323 
1684;624;324 
1434;626;324 
1821;627;321 
1649;628;321 
1705;630;321 
1705;631;326 
1705;633;326 
1705;634;326 
2258;635;325 
1656;637;325 
1998;638;325 
1977;640;324 
1956;642;324 
1995;643;324 
1583;645;324 
1551;646;324 
1791;647;321 
1723;649;321 
1723;650;321 
1723;652;325 
1665;654;325 
1635;655;324 
1748;657;324 
1649;658;324 
1649;659;323 
1649;661;323 
1649;662;323 
1833;664;322 
1491;666;322 
1806;667;320 
1775;668;320 
1893;670;320 
1764;671;325 
1636;673;325 
1953;674;325 
1758;676;324 
1758;677;324 
1758;678;324 
1758;680;323 
1758;682;323 
1758;683;323 
1856;685;323 
1886;686;323 
1737;687;319 
1659;689;319 
1561;690;319 
1574;692;324 
1688;694;324 
1554;695;323 
1786;697;323 
1786;698;323 
1786;699;321 
1786;701;321 
1683;702;321 
1935;704;321 
1648;706;321 
1825;707;319 
1650;709;319 
1650;710;319 
1598;711;323 
1818;713;323 
1894;714;323 
1825;716;323 
1825;718;323 
1766;719;320 
1749;721;320 
1483;722;320 
1527;723;320 
1527;725;320 
1527;726;320 
1527;728;318 
1527;730;318 
1813;731;323 
1765;733;323 
1857;734;323 
1992;735;321 
1560;737;321 
1772;738;321 
1589;740;318 
1512;742;318 
1557;743;319 
1557;745;319 
1557;746;319 
1557;747;316 
1557;749;316 
1557;750;316 
1664;752;321 
1638;754;321 
1629;755;319 
1814;757;319 
1573;758;319 
1610;759;318 
1624;761;318 
1720;762;318 
1835;764;317 
1835;766;317 
1835;767;315 
1691;769;315 
1757;770;315 
1611;771;319 
1947;773;319 
1953;774;319 
1953;776;317 
1953;778;317 
1794;779;315 
1786;781;315 
1739;782;315 
1774;784;315 
1621;786;315 
2067;787;313 
1541;788;313 
1734;790;313 
1809;791;318 
1809;793;318 
1809;794;318 
1809;796;316 
1809;798;316 
2035;799;313 
1894;801;313 
2446;802;313 
1955;803;312 
1811;805;312 
1818;806;312 
1784;808;309 
1888;810;309 
1933;811;314 
1933;813;314 
1933;814;314 
1933;816;313 
1933;818;313 
1933;819;309 
1954;821;309 
2367;822;309 
1897;823;310 
1748;826;310 
1997;826;310 
1724;828;309 
1908;830;309 
1824;831;312 
1854;833;312 
1854;834;312 
2103;836;309 
1299;838;309 
1762;839;306 
1860;841;306 
1888;842;306 
1888;844;307 
1888;846;307 
1888;847;305 
1571;849;305 
2189;850;305 
1550;852;309 
1724;854;309 
2012;855;307 
1727;857;307 
1610;858;307 
1557;859;304 
1634;861;304 
1634;862;304 
1634;864;303 
1634;866;303 
1634;867;302 
1717;869;302 
1945;870;302 
1899;872;305 
1859;874;305 
2042;875;304 
1767;877;304 
1688;878;304 
1785;880;301 
1918;882;301 
1918;883;301 
1918;885;301 
1918;886;301 
1918;888;299 
2030;890;299 
1847;891;303 
1836;893;303 
1944;894;303 
2125;896;301 
1333;898;301 
1789;899;299 
1745;901;299 
1801;902;299 
1922;904;298 
2094;906;298 
1922;907;297 
1501;909;297 
1713;910;297 
1815;912;299 
1815;914;299 
1815;915;299 
1815;917;299 
1815;918;299 
1669;920;295 
1776;922;295 
1625;923;296 
1710;925;296 
1889;926;296 
1484;928;295 
2199;930;295 
1489;931;298 
1619;933;298 
1619;935;297 
1619;937;297 
1619;938;297 
1619;939;295 
1633;942;295 
1746;943;296 
1791;945;296 
1798;946;296 
1761;948;294 
1637;950;294 
1775;951;297 
1702;953;297 
1924;954;297 
1924;956;295 
1924;958;295 
1924;959;293 
1797;961;293 
1906;962;293 
1876;964;293 
1671;966;293 
1709;967;291 
1709;969;291 
1698;970;291 
1900;972;295 
1839;974;295 
1870;975;294 
1525;977;294 
1717;979;292 
1677;981;292 
1883;982;292 
1489;984;294 
1586;986;294 
1586;987;291 
1586;989;291 
1586;990;291 
0;0;0 
0;0;0 
0;0;0 
0;0;0 
0;0;0 
0;0;0 
0;0;0 
0;0;0 
0;0;0 
0;0;0 
0;0;0 
0;0;0 
0;0;0 
0;0;0 
0;0;0 
0;0;0 
0;0;0 
0;0;0 
0;0;0 
0;0;0 
0;0;0 
0;0;0 
0;0;0 
0;0;0 
0;0;0 
0;0;0 
0;0;0 
0;0;0 
0;0;0 
0;0;0 
0;0;0 
0;0;0 
0;0;0 
0;0;0 
0;0;0 
0;0;0 
0;0;0 
0;0;0 
0;0;0 
0;0;0 
0;0;0 
0;0;0 
0;0;0 
0;0;0 
0;0;0 
0;0;0 
0;0;0 
0;0;0 
0;0;0 
0;0;0 
0;0;0 
0;0;0 
0;0;0 
0;0;0 
0;0;0 
0;0;0 
0;0;0 
0;0;0 
0;0;0 
0;0;0 
0;0;0 
0;0;0 
0;0;0 
0;0;0 
0;0;0 
0;0;0 
0;0;0 
0;0;0 
0;0;0 
0;0;0 
0;0;0 
0;0;0 
0;0;0 
0;0;0 
0;0;0 
0;0;0 
0;0;0 
0;0;0 
0;0;0 
0;0;0 
0;0;0 
0;0;0 
0;0;0 
0;0;0 
0;0;0 
0;0;0 
0;0;0 
0;0;0 
0;0;0 
0;0;0 
0;0;0 
0;0;0 
0;0;0 
0;0;0 
0;0;0 
0;0;0 
0;0;0 
0;0;0 
0;0;0 
0;0;0 
0;0;0 
0;0;0 
0;0;0 
0;0;0 
0;0;0 
0;0;0 
0;0;0 
0;0;0 
0;0;0 
0;0;0 
0;0;0 
0;0;0 
0;0;0 
0;0;0 
0;0;0 
0;0;0 
0;0;0 
0;0;0 
0;0;0 
0;0;0 
0;0;0 
0;0;0 
0;0;0 
0;0;0 
0;0;0 
0;0;0 
0;0;0 
0;0;0 
0;0;0 
0;0;0 
0;0;0 
0;0;0 
0;0;0 
0;0;0 
0;0;0 
0;0;0 
0;0;0 
0;0;0 
0;0;0 
0;0;0 
0;0;0 
0;0;0 
0;0;0 
0;0;0 
0;0;0 
0;0;0 
0;0;0 
0;0;0 
0;0;0 
0;0;0 
0;0;0 
0;0;0 
0;0;0 
0;0;0 
0;0;0 
0;0;0 
0;0;0 
0;0;0 
0;0;0 
0;0;0 
0;0;0 
0;0;0 
0;0;0 
0;0;0 
0;0;0 
0;0;0 
0;0;0 
0;0;0 
 
 
Mesures en deceleration 
Courant;Position;Vitesse 
0;992;296 
0;994;296 
0;995;302 
0;997;302 
0;998;302 
0;999;316 
0;1001;316 
0;1002;316 
0;1004;333 
0;1005;333 
0;1006;333 
0;1008;350 
0;1009;350 
0;1010;350 
0;1012;374 
0;1013;374 
0;1014;374 
0;1015;397 
0;1017;397 
0;1018;397 
0;1018;397 
0;1020;421 
0;1021;421 
0;1022;421 
0;1023;451 
0;1024;451 
0;1025;451 
0;1026;451 
0;1027;483 
0;1028;483 
0;1029;483 
0;1030;483 
0;1030;483 
0;1031;536 
0;1032;536 
0;1033;536 
0;1034;536 
0;1034;536 
0;1035;597 
0;1036;597 
0;1037;597 
0;1038;597 
0;1038;597 
0;1039;668 
0;1039;668 
0;1040;668 
0;1041;668 
0;1042;668 
0;1042;668 
0;1042;668 
0;1043;776 
0;1043;776 
0;1044;776 
0;1045;776 
0;1045;776 
0;1046;776 
0;1046;776 
0;1046;776 
0;1047;949 
0;1047;949 
0;1048;949 
0;1048;949 
0;1049;949 
0;1049;949 
0;1050;949 
0;1050;949 
0;1050;949 
0;1050;949 
0;1050;949 
0;1050;949 
0;1051;1442 
0;1051;1442 
0;1051;1442 
0;1051;1442 
0;1051;1442 
0;1052;1442 
0;1052;1442 
0;1052;1442 
0;1052;1442 
0;1052;1442 
0;1052;1442 
0;1052;1442 
0;1052;1442 
0;1052;1442 
0;1052;1442 
0;1052;1442 
0;1052;1442 
0;1052;1442 
0;1052;1442 
0;1052;1442 
0;1052;1442 
0;1052;1442 
0;1052;1442 
0;1052;1442 
0;1052;1442 
0;1052;1442 
0;1052;1442 
0;1052;1442 
0;1052;1442 
0;1052;1442 
0;1052;1442 
0;1052;1442 
0;1052;1442 
0;1052;1442 
0;1052;1442 
0;1052;1442 
0;1052;1442 
0;1052;1442 
0;1052;1442 
0;1052;1442 
0;1052;1442 
0;1052;1442 
0;1052;1442 
0;1052;1442 
0;1052;1442 
0;1052;1442 
0;1052;1442 
0;1052;1442 
0;1052;1442 
0;1052;1442 
0;1052;1442 
0;1052;1442 
0;1052;1442 
0;1052;1442 
0;1052;1442 
0;1052;1442 
0;1052;1442 
0;1052;1442 
0;1052;1442 
0;1052;1442 
0;1052;1442 
0;1052;1442 
0;1052;1442 
0;1052;1442 
0;1052;1442 
0;1052;1442 
0;1052;1442 
0;1052;1442 
0;1052;1442 
0;1052;1442 
0;1052;1442 
0;1052;1442 
0;1052;1442 
0;1052;1442 
0;1052;1442 
0;1052;1442 
0;1052;1442 
0;1052;1442 
0;1052;1442 
0;1052;1442 
0;1052;1442 
0;1052;1442 
0;1052;1442 
0;1052;1442 
0;1052;1442 
0;1052;1442 
0;1052;1442 
0;1052;1442 
0;1052;1442 
0;1052;1442 
0;1052;1442 
0;1052;1442 
0;1052;1442 
0;1052;1442 
0;1052;1442 
0;1052;1442 
0;1052;1442 
0;1052;1442 
0;1052;1442 
0;1052;1442 
0;1052;1442 
0;1052;1442 
0;1052;1442 
0;1052;1442 
0;1052;1442 
0;1052;1442 
0;1052;1442 
0;1052;1442 
0;1052;1442 
0;1052;1442 
0;1052;1442 
0;1052;1442 
0;1052;1442 
0;1052;1442 
0;1052;1442 
0;1052;1442 
0;1052;1442 
0;1052;1442 
0;1052;1442 
0;1052;1442 
0;1052;1442 
0;1052;1442 
0;1052;1442 
0;1052;1442 
0;1052;1442 
0;1052;1442 
0;1052;1442 
0;1052;1442 
0;1052;1442 
0;1052;1442 
0;1052;1442 
0;1052;1442 
0;1052;1442 
0;1052;1442 
0;1052;1442 
0;1052;1442 
0;1052;1442 
0;1052;1442 
0;1052;1442 
0;1052;1442 
0;1052;1442 
0;1052;1442 
0;1052;1442 
0;1052;1442 
0;1052;1442 
0;1052;1442 
0;1052;1442 
0;1052;1442 
0;1052;1442 
0;1052;1442 
0;1052;1442 
0;1052;1442 
0;1052;1442 
0;1052;1442 
0;1052;1442 
0;1052;1442 
0;1052;1442 
0;1052;1442 
0;1052;1442 
0;1052;1442 
0;1052;1442 
0;1052;1442 
0;1052;1442 
0;1052;1442 
0;1052;1442 
0;1052;1442 
0;1052;1442 
0;1052;1442 
0;1052;1442 
0;1052;1442 
0;1052;1442 
0;1052;1442 
0;1052;1442 
0;1052;1442 
0;1052;1442 
0;1052;1442 
0;1052;1442 
0;1052;1442 
0;1052;1442 
0;1052;1442 
0;1052;1442 
0;1052;1442 
0;1052;1442 
0;1052;1442 
0;1052;1442 
0;1052;1442 
0;1052;1442 
0;1052;1442 
0;1052;1442 
0;1052;1442 
0;1052;1442 
0;1052;1442 
0;1052;1442 
0;1052;1442 
0;1052;1442 
0;1052;1442 
0;1052;1442 
0;1052;1442 
0;1052;1442 
0;1052;1442 
0;1052;1442 
0;1052;1442 
0;1052;1442 
0;1052;1442 
0;1052;1442 
0;1052;1442 
0;1052;1442 
0;1052;1442 
0;1052;1442 
0;1052;1442 
0;1052;1442 
0;1052;1442 
0;1052;1442 
0;1052;1442 
0;1052;1442 
0;1052;1442 
0;1052;1442 
0;1052;1442 
0;1052;1442 
0;1052;1442 
0;1052;1442 
0;1052;1442 
0;1052;1442 
0;1052;1442 
0;1052;1442 
0;1052;1442 
0;1052;1442 
0;1052;1442 
0;1052;1442 
0;1052;1442 
0;1052;1442 
0;1052;1442 
0;1052;1442 
0;1052;1442 
0;1052;1442 
0;1052;1442 
0;1052;1442 
0;1052;1442 
0;1052;1442 
0;1052;1442 
0;1052;1442 
0;1052;1442 
0;1052;1442 
0;1052;1442 
0;1052;1442 
0;1052;1442 
0;1052;1442 
0;1052;1442 
0;1052;1442 
0;1052;1442 
0;1052;1442 
0;1052;1442 
0;1052;1442 
0;1052;1442 
0;1052;1442 
0;1052;1442 
0;1052;1442 
0;1052;1442 
0;1052;1442 
0;1052;1442 
0;1052;1442 
0;1052;1442 
0;1052;1442 
0;1052;1442 
0;1052;1442 
0;1052;1442 
0;1052;1442 
0;1052;1442 
0;1052;1442 
0;1052;1442 
0;1052;1442 
0;1052;1442 
0;1052;1442 
0;1052;1442 
0;1052;1442 
0;1052;1442 
0;1052;1442 
0;1052;1442 
0;1052;1442 
0;1052;1442 
0;1052;1442 
0;1052;1442 
0;1052;1442 
0;1052;1442 
0;1052;1442 
0;1052;1442 
0;1052;1442 
0;1052;1442 
0;1052;1442 
0;1052;1442 
0;1052;1442 
0;1052;1442 
0;1052;1442 
0;1052;1442 
0;1052;1442 
0;1052;1442 
0;1052;1442 
0;1052;1442 
0;1052;1442 
0;1052;1442 
0;1052;1442 
0;1052;1442 
0;1052;1442 
0;1052;1442 
0;1052;1442 
0;1052;1442 
0;1052;1442 
0;1052;1442 
0;1052;1442 
0;1052;1442 
0;1052;1442 
0;1052;1442 
0;1052;1442 
0;1052;1442 
0;1052;1442 
0;1052;1442 
0;1052;1442 
0;1052;1442 
0;1052;1442 
0;1052;1442 
0;1052;1442 
0;1052;1442 
0;1052;1442 
0;1052;1442 
0;1052;1442 
0;1052;1442 
0;1052;1442 
0;1052;1442 
0;1052;1442 
0;1052;1442 
0;1052;1442 
0;1052;1442 
0;1052;1442 
0;1052;1442 
0;1052;1442 
0;1052;1442 
0;1052;1442 
0;1052;1442 
0;1052;1442 
0;1052;1442 
0;1052;1442 
0;1052;1442 
0;1052;1442 
0;1052;1442 
0;1052;1442 
0;1052;1442 
0;1052;1442 
0;1052;1442 
0;1052;1442 
0;1052;1442 
0;1052;1442 
0;1052;1442 
0;1052;1442 
0;1052;1442 
0;1052;1442 
0;1052;1442 
0;1052;1442 
0;1052;1442 
0;1052;1442 
0;1052;1442 
0;1052;1442 
0;1052;1442 
0;1052;1442 
0;1052;1442 
0;1052;1442 
0;1052;1442 
0;1052;1442 
0;1052;1442 
0;1052;1442 
0;1052;1442 
0;1052;1442 
0;1052;1442 
0;1052;1442 
0;1052;1442 
0;1052;1442 
0;1052;1442 
0;1052;1442 
0;1052;1442 
0;1052;1442 
0;1052;1442 
0;1052;1442 
0;1052;1442 
0;1052;1442 
0;1052;1442 
0;1052;1442 
0;1052;1442 
0;1052;1442 
0;1052;1442 
0;1052;1442 
0;1052;1442 
0;1052;1442 
0;1052;1442 
0;1052;1442 
0;1052;1442 
0;1052;1442 
0;1052;1442 
0;1052;1442 
0;1052;1442 
0;1052;1442 
0;1052;1442 
0;1052;1442 
0;1052;1442 
0;1052;1442 
0;1052;1442 
0;1052;1442 
0;1052;1442 
0;1052;1442 
0;1052;1442 
0;1052;1442 
0;1052;1442 
0;1052;1442 
0;1052;1442 
0;1052;1442 
0;1052;1442 
0;1052;1442 
0;1052;1442 
0;1052;1442 
0;1052;1442 
0;1052;1442 
0;1052;1442 
0;1052;1442 
0;1052;1442 
0;1052;1442 
0;1052;1442 
0;1052;1442 
0;1052;1442 
0;1052;1442 
0;1052;1442 
0;1052;1442 
0;1052;1442 
0;1052;1442 
0;1052;1442 
0;1052;1442 
0;1052;1442 
0;1052;1442 
0;1052;1442 
0;1052;1442 
0;1052;1442 
0;1052;1442 
0;1052;1442 
0;1052;1442 
0;1052;1442 
0;1052;1442 
0;1052;1442 
0;1052;1442 
0;1052;1442 
0;1052;1442 
0;1052;1442 
0;1052;1442 
0;1052;1442 
0;1052;1442 
0;1052;1442 
0;1052;1442 
0;1052;1442 
0;1052;1442 
0;1052;1442 
0;1052;1442 
0;1052;1442 
0;1052;1442 
0;1052;1442 
0;1052;1442 
0;1052;1442 
0;1052;1442 
0;1052;1442 
0;1052;1442 
0;1052;1442 
0;1052;1442 
0;1052;1442 
0;1052;1442 
0;1052;1442 
0;1052;1442 
0;1052;1442 
0;1052;1442 
0;1052;1442 
0;1052;1442 
0;1052;1442 
0;1052;1442 
0;1052;1442 
0;1052;1442 
0;1052;1442 
0;1052;1442 
0;1052;1442 
0;1052;1442 
0;1052;1442 
0;1052;1442 
0;1052;1442 
0;1052;1442 
0;1052;1442 
0;1052;1442 
0;1052;1442 
0;1052;1442 
0;1052;1442 
0;1052;1442 
0;1052;1442 
0;1052;1442 
0;1052;1442 
0;1052;1442 
0;1052;1442 
0;1052;1442 
0;1052;1442 
0;1052;1442 
0;1052;1442 
0;1052;1442 
0;1052;1442 
0;1052;1442 
0;1052;1442 
0;1052;1442 
0;1052;1442 
0;1052;1442 
0;1052;1442 
0;1052;1442 
0;1052;1442 
0;1052;1442 
0;1052;1442 
0;1052;1442 
0;1052;1442 
0;1052;1442 
0;1052;1442 
0;1052;1442 
0;1052;1442 
0;1052;1442 
0;1052;1442 
0;1052;1442 
0;1052;1442 
0;1052;1442 
0;1052;1442 
0;1052;1442 
0;1052;1442 
0;1052;1442 
0;1052;1442 
0;1052;1442 
0;1052;1442 
0;1052;1442 
0;1052;1442 
0;1052;1442 
0;1052;1442 
0;1052;1442 
0;1052;1442 
0;1052;1442 
0;1052;1442 
0;1052;1442 
0;1052;1442 
0;1052;1442 
0;1052;1442 
0;1052;1442 
0;1052;1442 
0;1052;1442 
0;1052;1442 
0;1052;1442 
0;1052;1442 
0;1052;1442 
0;1052;1442 
0;1052;1442 
0;1052;1442 
0;1052;1442 
0;1052;1442 
0;1052;1442 
0;1052;1442 
0;1052;1442 
0;1052;1442 
0;1052;1442 
0;1052;1442 
0;1052;1442 
0;1052;1442 
0;1052;1442 
0;1052;1442 
0;1052;1442 
0;1052;1442 
0;1052;1442 
0;1052;1442 
0;1052;1442 
0;1052;1442 
0;1052;1442 
0;1052;1442 
0;1052;1442 
0;1052;1442 
0;1052;1442 
0;1052;1442 
0;1052;1442 
0;1052;1442 
0;1052;1442 
0;1052;1442 
0;1052;1442 
0;1052;1442 
0;1052;1442 
0;1052;1442 
0;1052;1442 
0;1052;1442 
0;1052;1442 
0;1052;1442 
0;1052;1442 
0;1052;1442 
0;1052;1442 
0;1052;1442 
0;1052;1442 
0;1052;1442 
0;1052;1442 
0;1052;1442 
0;1052;1442 
0;1052;1442 
0;1052;1442 
0;1052;1442 
0;1052;1442 
0;1052;1442 
0;1052;1442 
0;1052;1442 
0;1052;1442 
0;1052;1442 
0;1052;1442 
0;1052;1442 
0;1052;1442 
0;1052;1442 
0;1052;1442 
0;1052;1442 
0;1052;1442 
0;1052;1442 
0;1052;1442 
0;1052;1442 
0;1052;1442 
0;1052;1442 
0;1052;1442 
0;1052;1442 
0;1052;1442 
0;1052;1442 
0;1052;1442 
0;1052;1442 
0;1052;1442 
0;1052;1442 
0;1052;1442 
0;1052;1442 
0;1052;1442 
0;1052;1442 
0;1052;1442 
0;1052;1442 
0;1052;1442 
0;1052;1442 
0;1052;1442 
0;1052;1442 
0;1052;1442 
0;1052;1442 
0;1052;1442 
0;1052;1442 
0;1052;1442 
0;1052;1442 
0;1052;1442 
0;1052;1442 
0;1052;1442 
0;1052;1442 
0;1052;1442 
0;1052;1442 
0;1052;1442 
0;1052;1442 
0;1052;1442 
0;1052;1442 
0;1052;1442 
0;1052;1442 
0;1052;1442 
0;1052;1442 
0;1052;1442 
0;1052;1442 
0;1052;1442 
0;1052;1442 
0;1052;1442 
0;1052;1442 
0;1052;1442 
0;1052;1442 
0;1052;1442 
0;1052;1442 
0;1052;1442 
0;1052;1442 
0;1052;1442 
0;1052;1442 
0;1052;1442 
0;1052;1442 
0;1052;1442 
0;1052;1442 
0;1052;1442 
0;1052;1442 
0;1052;1442 
0;1052;1442 
0;1052;1442 
0;1052;1442 
0;1052;1442 
0;1052;1442 
0;1052;1442 
0;1052;1442 
0;1052;1442 
0;1052;1442 
0;1052;1442 
0;1052;1442 
0;1052;1442 
0;1052;1442 
0;1052;1442 
0;1052;1442 
0;1052;1442 
0;1052;1442 
0;1052;1442 
0;1052;1442 
0;1052;1442 
0;1052;1442 
0;1052;1442 
0;1052;1442 
0;1052;1442 
0;1052;1442 
0;1052;1442 
0;1052;1442 
0;1052;1442 
0;1052;1442 
0;1052;1442 
0;1052;1442 
0;1052;1442 
0;1052;1442 
0;1052;1442 
0;1052;1442 
0;1052;1442 
0;1052;1442 
0;1052;1442 
0;1052;1442 
0;1052;1442 
0;1052;1442 
0;1052;1442 
0;1052;1442 
0;1052;1442 
0;1052;1442 
0;1052;1442 
0;1052;1442 
0;1052;1442 
0;1052;1442 
0;1052;1442 
0;1052;1442 
0;1052;1442 
0;1052;1442 
0;1052;1442 
0;1052;1442 
0;1052;1442 
0;1052;1442 
0;1052;1442 
0;1052;1442 
0;1052;1442 
0;1052;1442 
0;1052;1442 
0;1052;65535 
0;1052;65535 
0;1052;65535 
0;1052;65535 
0;1052;65535 
0;1052;65535 
0;1052;65535 
0;1052;65535 
0;1052;65535 
0;1052;65535 
0;1052;65535 
0;1052;65535 
0;1052;65535 
0;1052;65535 
0;1052;65535 
0;1052;65535 
0;1052;65535 
0;1052;65535 
0;1052;65535 
0;1052;65535 
0;1052;65535 
0;1052;65535 
0;0;0 
0;0;0 
0;0;0 
0;0;0 
0;0;0 
0;0;0 
0;0;0 
0;0;0 
0;0;0 
0;0;0 
0;0;0 
0;0;0 
0;0;0 
0;0;0 
0;0;0 
0;0;0 
0;0;0 
0;0;0 
0;0;0 
0;0;0 
0;0;0 
0;0;0 
0;0;0 
0;0;0 
0;0;0 
0;0;0 
0;0;0 
0;0;0 
0;0;0 
0;0;0 
0;0;0 
0;0;0 
0;0;0 
0;0;0 
0;0;0 
0;0;0 
0;0;0 
0;0;0 
0;0;0 
0;0;0 
0;0;0 
0;0;0 
0;0;0 
0;0;0 
0;0;0 
0;0;0 
0;0;0 
0;0;0 
0;0;0 
0;0;0 
0;0;0 
0;0;0 
0;0;0 
0;0;0 
0;0;0 
0;0;0 
0;0;0 
0;0;0 
0;0;0 
0;0;0 
0;0;0 
0;0;0 
0;0;0 
0;0;0 
0;0;0 
0;0;0 
0;0;0 
0;0;0 
0;0;0 
0;0;0 
0;0;0 
0;0;0 
0;0;0 
0;0;0 
0;0;0 
0;0;0 
0;0;0 
0;0;0 
0;0;0 
0;0;0 
0;0;0 
0;0;0 
0;0;0 
0;0;0 
0;0;0 
0;0;0 
0;0;0 
0;0;0 
0;0;0 
0;0;0 
0;0;0 
0;0;0 
0;0;0 
0;0;0 
0;0;0 
0;0;0 
0;0;0 
0;0;0 
0;0;0 
0;0;0 
0;0;0 
0;0;0 
0;0;0 
0;0;0 
0;0;0 
0;0;0 
0;0;0 
0;0;0 
0;0;0 
0;0;0 
0;0;0 
0;0;0 
0;0;0 
0;0;0 
0;0;0 
0;0;0 
0;0;0 
0;0;0 
0;0;0 
0;0;0 
0;0;0 
0;0;0 
0;0;0 
0;0;0 
0;0;0 
0;0;0 
0;0;0 
0;0;0 
0;0;0 
0;0;0 
0;0;0 
0;0;0 
0;0;0 
0;0;0 
0;0;0 
0;0;0 
0;0;0 
0;0;0 
0;0;0 
0;0;0 
0;0;0 
0;0;0 
0;0;0 
0;0;0 
0;0;0 
0;0;0 
0;0;0 
0;0;0 
0;0;0 
0;0;0 
0;0;0 
0;0;0 
0;0;0 
0;0;0 
0;0;0 
0;0;0 
0;0;0 
0;0;0 
0;0;0 
0;0;0 
0;0;0 
0;0;0 
0;0;0 
0;0;0 
0;0;0 
0;0;0 
0;0;0 
Tapez  1 pour afficher les mesures, 2 pour acquisition avant, 3 pour acquisition arriere: 
Acquisition ... fait 
Tapez  1 pour afficher les mesures, 2 pour acquisition avant, 3 pour acquisition arriere: 
Mesures en acceleration 
Courant;Position;Vitesse 
3125;1052;65535 
2592;1052;65535 
2492;1052;65535 
2848;1052;65535 
2191;1052;65535 
2383;1052;65535 
2203;1052;65535 
2765;1052;65535 
2765;1051;65535 
2765;1051;65535 
2765;1051;65535 
2667;1051;65535 
2191;1051;65535 
2668;1050;21016 
3127;1050;21016 
2737;1050;21016 
2737;1050;21016 
1969;1050;21016 
2365;1049;21016 
2596;1049;21016 
2634;1049;21016 
2410;1048;1065 
2122;1048;1065 
2472;1048;1065 
2081;1047;1065 
2547;1047;1065 
2362;1047;1065 
2362;1046;1065 
2362;1046;1065 
2362;1046;1065 
2362;1046;1065 
2189;1046;1065 
2531;1045;1065 
2150;1045;1065 
2362;1044;1528 
2164;1044;1528 
1857;1043;1528 
2131;1043;1528 
2056;1043;1528 
2374;1042;1528 
2374;1042;1528 
2374;1042;1528 
2374;1041;1528 
2374;1041;1528 
2313;1040;1159 
2332;1039;1159 
2277;1039;1159 
2452;1038;1159 
2375;1038;1159 
2477;1038;1159 
2154;1037;1159 
2281;1037;1159 
2128;1036;944 
2128;1035;944 
2128;1035;944 
2229;1034;944 
2216;1034;944 
2036;1033;944 
1943;1033;944 
2297;1032;833 
2297;1031;833 
2297;1030;833 
1973;1030;833 
1909;1030;833 
2141;1029;833 
2090;1028;798 
2209;1028;798 
2180;1027;798 
2257;1026;798 
1944;1026;798 
1710;1025;798 
1710;1025;798 
1710;1024;754 
1710;1023;754 
1710;1022;754 
1710;1022;754 
2143;1021;754 
1990;1020;699 
1980;1019;699 
1809;1019;699 
1776;1018;699 
2074;1018;699 
1993;1017;699 
2145;1016;652 
2005;1015;652 
2005;1014;652 
2005;1014;652 
2005;1013;652 
1875;1012;610 
1905;1011;610 
1544;1010;610 
1679;1010;610 
2013;1009;610 
2027;1008;613 
1677;1007;613 
2392;1006;613 
1773;1006;613 
1761;1005;613 
1761;1004;608 
1776;1003;608 
1986;1002;608 
1570;1002;608 
1527;1001;608 
86;1000;587 
86;999;587 
86;998;587 
86;998;587 
2069;997;587 
1538;996;559 
1660;995;559 
1900;994;559 
1490;993;559 
1936;992;534 
1878;991;534 
1710;990;534 
1690;990;534 
1690;989;534 
1690;987;530 
1690;986;530 
1690;986;530 
1690;985;530 
1643;984;532 
1904;983;532 
2334;982;532 
1832;981;532 
1873;980;521 
1659;979;521 
1768;978;521 
1869;978;521 
1835;977;521 
1835;975;502 
1835;974;502 
1935;974;502 
1841;973;502 
2020;971;484 
1721;970;484 
1813;970;484 
1847;969;484 
1847;967;485 
2027;966;485 
2062;966;485 
1709;965;485 
1916;963;487 
1916;962;487 
2026;962;487 
1933;961;487 
1913;959;475 
1609;958;475 
1609;958;475 
1609;957;475 
1609;955;463 
1609;954;463 
1867;953;463 
1943;952;447 
2007;951;447 
2034;950;447 
1885;949;447 
1990;948;450 
1680;947;450 
1519;946;450 
1630;945;450 
1630;943;451 
1630;942;451 
1630;942;451 
1630;941;451 
1630;939;445 
1853;938;445 
1694;937;445 
2208;936;434 
1942;935;434 
1837;934;434 
1803;933;434 
1780;931;420 
1848;930;420 
1803;929;420 
1803;928;423 
372;927;423 
1849;926;423 
1348;925;423 
1931;923;426 
2101;922;426 
1728;921;426 
1728;920;420 
1728;919;420 
1964;918;420 
2003;917;420 
1882;915;412 
2293;914;412 
1745;913;412 
1932;912;398 
1525;910;398 
1531;910;398 
1937;908;400 
1937;907;400 
1937;906;400 
1937;905;400 
1937;903;406 
2254;902;406 
1748;901;406 
1991;900;399 
1777;898;399 
1756;898;399 
1736;896;396 
1934;895;396 
2062;894;396 
1721;893;396 
1721;891;384 
1721;890;384 
1721;889;384 
1721;887;387 
406;886;387 
1435;885;387 
1783;884;391 
1631;882;391 
1742;882;391 
1935;880;386 
1921;879;386 
1878;878;386 
2059;876;382 
1843;875;382 
1843;874;382 
1790;873;382 
1821;871;371 
1870;870;371 
2020;869;371 
1888;867;373 
1888;866;373 
1888;865;373 
1888;863;377 
2132;862;377 
1859;861;377 
1919;859;373 
1776;858;373 
1415;857;373 
1832;855;371 
1896;854;371 
1572;853;371 
1828;852;361 
1828;850;361 
1828;849;361 
1828;848;365 
1828;846;365 
1439;845;365 
1838;844;366 
1743;842;366 
1687;841;366 
2064;840;364 
1636;838;364 
1396;837;364 
2011;836;362 
1684;834;362 
1684;833;362 
1684;832;352 
1684;830;352 
1684;829;352 
1749;828;354 
1949;826;354 
1809;825;354 
1799;824;359 
1799;822;359 
1655;821;359 
1914;820;358 
1656;818;358 
1405;817;358 
2019;815;354 
1901;814;354 
1660;813;354 
1808;811;348 
1744;810;348 
1787;809;348 
1936;807;353 
1936;806;353 
1936;805;353 
1936;803;353 
2087;802;353 
1881;801;353 
1810;799;354 
1913;798;354 
1817;797;354 
1847;795;349 
1801;794;349 
1508;792;341 
1851;791;341 
1851;790;341 
1851;788;343 
1851;787;343 
1851;786;343 
1836;784;346 
1729;782;346 
1843;781;346 
2013;780;344 
1920;778;344 
1265;777;344 
1873;775;341 
2007;774;341 
1659;773;341 
1635;771;334 
2001;770;334 
1824;769;334 
1727;767;340 
1791;766;340 
1636;764;339 
1406;763;339 
1406;762;339 
1406;760;341 
1406;758;341 
1375;757;341 
1975;756;338 
2113;754;338 
1718;753;338 
1621;751;332 
1564;750;332 
1576;749;332 
1603;747;335 
1653;746;335 
1653;744;339 
1653;743;339 
1653;742;339 
1653;740;340 
1562;738;340 
1336;737;340 
1860;736;338 
2087;734;338 
1741;733;338 
1548;731;330 
1416;730;330 
1756;729;330 
1953;727;334 
1953;726;334 
1953;724;338 
1953;723;338 
1669;722;338 
1828;720;337 
1629;718;337 
1475;717;337 
1475;716;336 
1475;714;336 
1576;713;336 
1723;711;331 
1814;710;331 
1786;709;331 
1878;707;334 
1673;706;334 
1660;704;338 
1197;703;338 
1425;702;338 
1981;700;339 
1981;698;339 
1981;697;339 
1981;696;336 
1981;694;336 
1713;693;336 
1722;691;331 
1804;690;331 
1899;689;331 
1774;687;334 
1653;686;334 
1535;684;336 
1372;683;336 
1417;682;336 
1417;680;335 
1417;678;335 
1417;677;335 
2129;675;334 
1976;674;334 
1773;673;334 
1930;671;325 
2043;670;325 
1989;668;331 
1803;667;331 
1648;666;331 
1497;664;334 
1460;662;334 
1460;661;334 
2232;659;334 
1848;658;334 
1510;657;334 
1874;655;331 
2143;654;331 
2002;652;324 
2002;651;324 
2002;650;324 
1864;648;328 
1988;646;328 
1738;645;328 
1708;643;329 
2130;642;329 
1740;641;329 
1713;639;328 
1907;638;328 
1861;636;325 
1861;634;325 
1861;633;325 
1861;632;317 
1861;630;317 
1861;629;317 
1944;627;323 
1997;626;323 
1604;624;325 
1483;623;325 
1581;622;325 
1616;620;324 
1482;618;324 
1541;617;324 
1843;615;321 
1843;614;321 
1843;612;314 
1843;611;314 
1525;610;314 
1739;608;317 
1752;606;317 
1636;605;317 
1706;603;320 
1928;602;320 
1438;600;320 
1787;598;320 
1476;597;320 
1743;596;318 
1743;594;318 
1757;593;318 
1862;591;309 
1629;590;309 
1601;588;314 
1963;586;314 
1963;585;314 
1963;583;317 
1963;582;317 
1798;581;317 
1623;579;315 
1710;578;315 
1876;576;316 
1821;574;316 
1491;573;316 
1493;571;307 
1553;570;307 
1676;568;311 
1676;566;311 
1676;565;311 
1676;563;314 
1676;562;314 
1676;561;314 
1830;559;313 
1759;558;313 
1860;556;311 
1929;554;311 
1372;553;311 
1592;551;304 
1648;550;304 
1612;548;309 
1881;546;309 
1881;545;309 
1881;543;312 
1892;542;312 
1876;540;312 
1829;538;312 
1571;537;312 
1880;535;308 
2041;534;308 
2041;533;308 
1743;531;304 
1373;530;304 
1740;528;307 
1655;526;307 
1655;525;307 
1618;523;309 
1683;522;309 
1662;520;308 
1369;518;308 
1369;517;308 
1369;515;310 
1369;514;310 
1369;512;303 
1859;510;303 
1626;509;303 
1850;507;305 
2057;506;305 
1811;505;305 
1545;503;310 
1631;502;310 
1596;500;307 
1711;498;307 
1711;497;307 
1711;495;307 
1711;494;307 
1711;492;302 
1711;490;302 
1839;489;302 
1876;487;305 
1493;486;305 
1798;484;307 
1718;482;307 
1720;481;307 
1387;479;307 
1552;478;307 
1788;476;309 
1788;474;309 
609;473;309 
1639;471;301 
1717;470;301 
1788;468;306 
1880;467;306 
1761;465;306 
1761;463;308 
1761;462;308 
1709;461;308 
1670;459;307 
1632;458;307 
1787;456;309 
1861;454;309 
1605;453;309 
1503;451;302 
1242;450;302 
1539;448;307 
1539;446;307 
1539;445;307 
1539;443;310 
1539;442;310 
1583;440;309 
1684;438;309 
1340;437;309 
1890;435;308 
1640;434;308 
1407;433;308 
1727;431;304 
1361;430;304 
1675;428;306 
1675;426;306 
1675;425;306 
1675;423;308 
1675;422;308 
557;420;309 
1686;418;309 
1501;417;309 
1946;415;308 
1967;414;308 
1758;412;303 
1663;410;303 
1573;409;303 
1824;407;307 
1727;406;307 
1872;404;311 
1539;403;311 
1453;402;311 
1559;400;310 
1721;398;310 
1721;397;310 
1721;395;313 
1721;394;313 
1721;392;304 
1723;390;304 
1912;389;304 
2026;387;307 
1972;386;307 
1843;384;311 
1227;382;311 
1641;381;311 
1677;379;310 
1838;378;310 
1838;377;310 
1838;375;310 
1838;374;310 
1838;372;304 
611;370;304 
1949;369;304 
2041;367;307 
1639;366;307 
1882;364;310 
1803;362;310 
1783;361;310 
1722;359;310 
1729;358;310 
1888;356;310 
1888;354;310 
1713;353;310 
1458;351;301 
1590;350;301 
1961;348;307 
2105;347;307 
2105;345;307 
2105;343;309 
2105;342;309 
1764;341;309 
1845;339;308 
1742;338;308 
1849;336;310 
2093;334;310 
1435;333;310 
1572;331;301 
1613;330;301 
1741;328;305 
1741;326;305 
1741;325;305 
1741;323;308 
1741;322;308 
1868;320;306 
1908;318;306 
1547;317;306 
1689;315;305 
1773;314;305 
1736;312;299 
1679;310;299 
1677;309;299 
1751;307;301 
1751;306;301 
1751;304;304 
1751;302;304 
1751;301;304 
1840;299;303 
2037;298;303 
2016;297;303 
2008;294;304 
2008;293;304 
1398;291;297 
1635;290;297 
1755;288;299 
1975;286;299 
1837;285;299 
1786;283;303 
1843;282;303 
1777;281;303 
1598;279;301 
1479;277;301 
1983;275;302 
1983;274;302 
1983;272;294 
1983;270;294 
1542;269;294 
1693;267;298 
1905;266;298 
1728;264;302 
1305;262;302 
1554;261;302 
1546;259;301 
1803;258;301 
1852;256;300 
1852;254;300 
1852;253;300 
1852;251;293 
1852;250;293 
1936;248;297 
2065;246;297 
1618;245;297 
1725;243;300 
1731;242;300 
1720;240;298 
1724;238;298 
1431;237;298 
1928;235;299 
1928;234;299 
1928;232;291 
1928;230;291 
2065;229;291 
1962;227;295 
1739;226;295 
1819;224;298 
1824;222;298 
1824;221;298 
1639;219;299 
1617;218;299 
1763;216;298 
1787;214;298 
1410;213;298 
1849;211;292 
1311;210;292 
1735;208;297 
1674;206;297 
1610;205;297 
1610;203;298 
1610;202;298 
1610;200;296 
1610;198;296 
1764;197;296 
1985;195;300 
1830;194;300 
1582;192;292 
1515;190;292 
1679;189;292 
1810;187;295 
1685;186;295 
1503;183;300 
1503;182;300 
1503;181;300 
1503;178;299 
1503;177;299 
1831;175;298 
1897;174;298 
1783;172;293 
1834;170;293 
1368;169;293 
1681;167;297 
1534;166;297 
1561;164;300 
1314;162;300 
1314;161;300 
1314;159;300 
1855;158;300 
1911;156;300 
1348;154;300 
1826;153;300 
1680;151;295 
1680;150;295 
1680;148;298 
1901;146;298 
1686;145;298 
1412;143;301 
1497;142;301 
1701;140;300 
1436;138;300 
1303;137;300 
1592;135;300 
1664;134;300 
1664;132;296 
1664;130;296 
1664;129;296 
1664;127;298 
1664;126;298 
1775;124;302 
1583;122;302 
1798;121;302 
1756;119;300 
1404;118;300 
1593;116;300 
1765;114;300 
1615;113;300 
1445;111;293 
1445;110;293 
1445;108;297 
1445;106;297 
1701;105;297 
1505;103;298 
1531;102;298 
1861;100;300 
1470;98;300 
1706;97;300 
1970;95;300 
1855;94;300 
1763;92;293 
1479;90;293 
1479;89;293 
2098;87;297 
1784;86;297 
1319;84;299 
1890;82;299 
1960;81;299 
1960;79;298 
1960;78;298 
1960;76;300 
1732;74;300 
1438;73;300 
1670;71;294 
1535;70;294 
1870;68;296 
1605;66;296 
1359;65;296 
1460;63;299 
1373;62;299 
1373;60;300 
1373;58;300 
1373;57;300 
1373;55;298 
1373;54;298 
1541;51;294 
1829;50;294 
1856;49;294 
2040;47;296 
1609;45;296 
1561;43;300 
1777;42;300 
1745;40;297 
1791;38;297 
1791;37;297 
1791;35;300 
1838;34;300 
1924;32;293 
1767;30;293 
1722;29;293 
1981;27;296 
1960;26;296 
1960;24;298 
1576;22;298 
1718;21;298 
1793;19;300 
1713;18;300 
1713;16;299 
1817;14;299 
1764;13;299 
1485;11;293 
1473;10;293 
1473;8;295 
1473;6;295 
1473;5;295 
1473;3;300 
1504;2;300 
1748;0;298 
1498;65534;298 
1669;65533;298 
2060;65531;298 
1587;65530;298 
1533;65528;291 
1574;65526;291 
1742;65525;291 
1742;65523;296 
1742;65522;296 
1742;65520;297 
1742;65518;297 
1742;65517;297 
1743;65515;299 
1666;65514;299 
1982;65512;297 
1910;65510;297 
1583;65509;297 
1773;65506;290 
1508;65505;290 
1741;65503;293 
1763;65502;293 
1763;65500;296 
1435;65498;296 
1632;65497;296 
1534;65495;294 
1792;65494;294 
1816;65492;295 
1652;65490;295 
1652;65489;295 
1652;65487;289 
1567;65486;289 
1779;65484;294 
1644;65482;294 
1642;65481;294 
1567;65479;296 
1363;65478;296 
1500;65476;294 
1609;65474;294 
0;0;0 
0;0;0 
0;0;0 
0;0;0 
0;0;0 
0;0;0 
0;0;0 
0;0;0 
0;0;0 
0;0;0 
0;0;0 
0;0;0 
0;0;0 
0;0;0 
0;0;0 
0;0;0 
0;0;0 
0;0;0 
0;0;0 
0;0;0 
0;0;0 
0;0;0 
0;0;0 
0;0;0 
0;0;0 
0;0;0 
0;0;0 
0;0;0 
0;0;0 
0;0;0 
0;0;0 
0;0;0 
0;0;0 
0;0;0 
0;0;0 
0;0;0 
0;0;0 
0;0;0 
0;0;0 
0;0;0 
0;0;0 
0;0;0 
0;0;0 
0;0;0 
0;0;0 
0;0;0 
0;0;0 
0;0;0 
0;0;0 
0;0;0 
0;0;0 
0;0;0 
0;0;0 
0;0;0 
0;0;0 
0;0;0 
0;0;0 
0;0;0 
0;0;0 
0;0;0 
0;0;0 
0;0;0 
0;0;0 
0;0;0 
0;0;0 
0;0;0 
0;0;0 
0;0;0 
0;0;0 
0;0;0 
0;0;0 
0;0;0 
0;0;0 
0;0;0 
0;0;0 
0;0;0 
0;0;0 
0;0;0 
0;0;0 
0;0;0 
0;0;0 
0;0;0 
0;0;0 
0;0;0 
0;0;0 
0;0;0 
0;0;0 
0;0;0 
0;0;0 
0;0;0 
0;0;0 
0;0;0 
0;0;0 
0;0;0 
0;0;0 
0;0;0 
0;0;0 
0;0;0 
0;0;0 
0;0;0 
0;0;0 
0;0;0 
0;0;0 
0;0;0 
0;0;0 
0;0;0 
0;0;0 
0;0;0 
0;0;0 
0;0;0 
0;0;0 
0;0;0 
0;0;0 
0;0;0 
0;0;0 
0;0;0 
0;0;0 
0;0;0 
0;0;0 
0;0;0 
0;0;0 
0;0;0 
0;0;0 
0;0;0 
0;0;0 
0;0;0 
0;0;0 
0;0;0 
0;0;0 
0;0;0 
0;0;0 
0;0;0 
0;0;0 
0;0;0 
0;0;0 
0;0;0 
0;0;0 
0;0;0 
0;0;0 
0;0;0 
0;0;0 
0;0;0 
0;0;0 
0;0;0 
0;0;0 
0;0;0 
0;0;0 
0;0;0 
0;0;0 
0;0;0 
0;0;0 
0;0;0 
0;0;0 
0;0;0 
0;0;0 
0;0;0 
0;0;0 
0;0;0 
0;0;0 
0;0;0 
0;0;0 
0;0;0 
0;0;0 
0;0;0 
0;0;0 
0;0;0 
0;0;0 
0;0;0 
 
 
Mesures en deceleration 
Courant;Position;Vitesse 
0;65473;294 
0;65471;296 
0;65470;296 
0;65468;298 
0;65466;298 
0;65465;298 
0;65463;317 
0;65462;317 
0;65461;317 
0;65459;340 
0;65458;340 
0;65457;340 
0;65455;359 
0;65454;359 
0;65453;359 
0;65451;382 
0;65450;382 
0;65449;382 
0;65448;400 
0;65446;400 
0;65446;400 
0;65445;400 
0;65443;431 
0;65442;431 
0;65442;431 
0;65441;431 
0;65439;474 
0;65438;474 
0;65438;474 
0;65437;474 
0;65436;515 
0;65435;515 
0;65434;515 
0;65434;515 
0;65433;515 
0;65432;569 
0;65431;569 
0;65430;569 
0;65430;569 
0;65429;569 
0;65428;624 
0;65427;624 
0;65426;624 
0;65426;624 
0;65426;624 
0;65425;624 
0;65424;730 
0;65423;730 
0;65423;730 
0;65422;730 
0;65422;730 
0;65422;730 
0;65421;730 
0;65421;730 
0;65420;932 
0;65419;932 
0;65419;932 
0;65419;932 
0;65418;932 
0;65418;932 
0;65418;932 
0;65418;932 
0;65417;932 
0;65417;932 
0;65417;932 
0;65417;932 
0;65416;1459 
0;65416;1459 
0;65416;1459 
0;65416;1459 
0;65415;1459 
0;65415;1459 
0;65415;1459 
0;65415;1459 
0;65415;1459 
0;65415;1459 
0;65415;1459 
0;65415;1459 
0;65415;1459 
0;65415;1459 
0;65415;1459 
0;65415;1459 
0;65415;1459 
0;65415;1459 
0;65415;1459 
0;65415;1459 
0;65415;1459 
0;65415;1459 
0;65415;1459 
0;65415;1459 
0;65415;1459 
0;65415;1459 
0;65415;1459 
0;65415;1459 
0;65415;1459 
0;65415;1459 
0;65415;1459 
0;65415;1459 
0;65415;1459 
0;65415;1459 
0;65415;1459 
0;65415;1459 
0;65415;1459 
0;65415;1459 
0;65415;1459 
0;65415;1459 
0;65415;1459 
0;65415;1459 
0;65415;1459 
0;65415;1459 
0;65415;1459 
0;65415;1459 
0;65415;1459 
0;65415;1459 
0;65415;1459 
0;65415;1459 
0;65415;1459 
0;65415;1459 
0;65415;1459 
0;65415;1459 
0;65415;1459 
0;65415;1459 
0;65415;1459 
0;65415;1459 
0;65415;1459 
0;65415;1459 
0;65415;1459 
0;65415;1459 
0;65415;1459 
0;65415;1459 
0;65415;1459 
0;65415;1459 
0;65415;1459 
0;65415;1459 
0;65415;1459 
0;65415;1459 
0;65415;1459 
0;65415;1459 
0;65415;1459 
0;65415;1459 
0;65415;1459 
0;65415;1459 
0;65415;1459 
0;65415;1459 
0;65415;1459 
0;65415;1459 
0;65415;1459 
0;65415;1459 
0;65415;1459 
0;65415;1459 
0;65415;1459 
0;65415;1459 
0;65415;1459 
0;65415;1459 
0;65415;1459 
0;65415;1459 
0;65415;1459 
0;65415;1459 
0;65415;1459 
0;65415;1459 
0;65415;1459 
0;65415;1459 
0;65415;1459 
0;65415;1459 
0;65415;1459 
0;65415;1459 
0;65415;1459 
0;65415;1459 
0;65415;1459 
0;65415;1459 
0;65415;1459 
0;65415;1459 
0;65415;1459 
0;65415;1459 
0;65415;1459 
0;65415;1459 
0;65415;1459 
0;65415;1459 
0;65415;1459 
0;65415;1459 
0;65415;1459 
0;65415;1459 
0;65415;1459 
0;65415;1459 
0;65415;1459 
0;65415;1459 
0;65415;1459 
0;65415;1459 
0;65415;1459 
0;65415;1459 
0;65415;1459 
0;65415;1459 
0;65415;1459 
0;65415;1459 
0;65415;1459 
0;65415;1459 
0;65415;1459 
0;65415;1459 
0;65415;1459 
0;65415;1459 
0;65415;1459 
0;65415;1459 
0;65415;1459 
0;65415;1459 
0;65415;1459 
0;65415;1459 
0;65415;1459 
0;65415;1459 
0;65415;1459 
0;65415;1459 
0;65415;1459 
0;65415;1459 
0;65415;1459 
0;65415;1459 
0;65415;1459 
0;65415;1459 
0;65415;1459 
0;65415;1459 
0;65415;1459 
0;65415;1459 
0;65415;1459 
0;65415;1459 
0;65415;1459 
0;65415;1459 
0;65415;1459 
0;65415;1459 
0;65415;1459 
0;65415;1459 
0;65415;1459 
0;65415;1459 
0;65415;1459 
0;65415;1459 
0;65415;1459 
0;65415;1459 
0;65415;1459 
0;65415;1459 
0;65415;1459 
0;65415;1459 
0;65415;1459 
0;65415;1459 
0;65415;1459 
0;65415;1459 
0;65415;1459 
0;65415;1459 
0;65415;1459 
0;65415;1459 
0;65415;1459 
0;65415;1459 
0;65415;1459 
0;65415;1459 
0;65415;1459 
0;65415;1459 
0;65415;1459 
0;65415;1459 
0;65415;1459 
0;65415;1459 
0;65415;1459 
0;65415;1459 
0;65415;1459 
0;65415;1459 
0;65415;1459 
0;65415;1459 
0;65415;1459 
0;65415;1459 
0;65415;1459 
0;65415;1459 
0;65415;1459 
0;65415;1459 
0;65415;1459 
0;65415;1459 
0;65415;1459 
0;65415;1459 
0;65415;1459 
0;65415;1459 
0;65415;1459 
0;65415;1459 
0;65415;1459 
0;65415;1459 
0;65415;1459 
0;65415;1459 
0;65415;1459 
0;65415;1459 
0;65415;1459 
0;65415;1459 
0;65415;1459 
0;65415;1459 
0;65415;1459 
0;65415;1459 
0;65415;1459 
0;65415;1459 
0;65415;1459 
0;65415;1459 
0;65415;1459 
0;65415;1459 
0;65415;1459 
0;65415;1459 
0;65415;1459 
0;65415;1459 
0;65415;1459 
0;65415;1459 
0;65415;1459 
0;65415;1459 
0;65415;1459 
0;65415;1459 
0;65415;1459 
0;65415;1459 
0;65415;1459 
0;65415;1459 
0;65415;1459 
0;65415;1459 
0;65415;1459 
0;65415;1459 
0;65415;1459 
0;65415;1459 
0;65415;1459 
0;65415;1459 
0;65415;1459 
0;65415;1459 
0;65415;1459 
0;65415;1459 
0;65415;1459 
0;65415;1459 
0;65415;1459 
0;65415;1459 
0;65415;1459 
0;65415;1459 
0;65415;1459 
0;65415;1459 
0;65415;1459 
0;65415;1459 
0;65415;1459 
0;65415;1459 
0;65415;1459 
0;65415;1459 
0;65415;1459 
0;65415;1459 
0;65415;1459 
0;65415;1459 
0;65415;1459 
0;65415;1459 
0;65415;1459 
0;65415;1459 
0;65415;1459 
0;65415;1459 
0;65415;1459 
0;65415;1459 
0;65415;1459 
0;65415;1459 
0;65415;1459 
0;65415;1459 
0;65415;1459 
0;65415;1459 
0;65415;1459 
0;65415;1459 
0;65415;1459 
0;65415;1459 
0;65415;1459 
0;65415;1459 
0;65415;1459 
0;65415;1459 
0;65415;1459 
0;65415;1459 
0;65415;1459 
0;65415;1459 
0;65415;1459 
0;65415;1459 
0;65415;1459 
0;65415;1459 
0;65415;1459 
0;65415;1459 
0;65415;1459 
0;65415;1459 
0;65415;1459 
0;65415;1459 
0;65415;1459 
0;65415;1459 
0;65415;1459 
0;65415;1459 
0;65415;1459 
0;65415;1459 
0;65415;1459 
0;65415;1459 
0;65415;1459 
0;65415;1459 
0;65415;1459 
0;65415;1459 
0;65415;1459 
0;65415;1459 
0;65415;1459 
0;65415;1459 
0;65415;1459 
0;65415;1459 
0;65415;1459 
0;65415;1459 
0;65415;1459 
0;65415;1459 
0;65415;1459 
0;65415;1459 
0;65415;1459 
0;65415;1459 
0;65415;1459 
0;65415;1459 
0;65415;1459 
0;65415;1459 
0;65415;1459 
0;65415;1459 
0;65415;1459 
0;65415;1459 
0;65415;1459 
0;65415;1459 
0;65415;1459 
0;65415;1459 
0;65415;1459 
0;65415;1459 
0;65415;1459 
0;65415;1459 
0;65415;1459 
0;65415;1459 
0;65415;1459 
0;65415;1459 
0;65415;1459 
0;65415;1459 
0;65415;1459 
0;65415;1459 
0;65415;1459 
0;65415;1459 
0;65415;1459 
0;65415;1459 
0;65415;1459 
0;65415;1459 
0;65415;1459 
0;65415;1459 
0;65415;1459 
0;65415;1459 
0;65415;1459 
0;65415;1459 
0;65415;1459 
0;65415;1459 
0;65415;1459 
0;65415;1459 
0;65415;1459 
0;65415;1459 
0;65415;1459 
0;65415;1459 
0;65415;1459 
0;65415;1459 
0;65415;1459 
0;65415;1459 
0;65415;1459 
0;65415;1459 
0;65415;1459 
0;65415;1459 
0;65415;1459 
0;65415;1459 
0;65415;1459 
0;65415;1459 
0;65415;1459 
0;65415;1459 
0;65415;1459 
0;65415;1459 
0;65415;1459 
0;65415;1459 
0;65415;1459 
0;65415;1459 
0;65415;1459 
0;65415;1459 
0;65415;1459 
0;65415;1459 
0;65415;1459 
0;65415;1459 
0;65415;1459 
0;65415;1459 
0;65415;1459 
0;65415;1459 
0;65415;1459 
0;65415;1459 
0;65415;1459 
0;65415;1459 
0;65415;1459 
0;65415;1459 
0;65415;1459 
0;65415;1459 
0;65415;1459 
0;65415;1459 
0;65415;1459 
0;65415;1459 
0;65415;1459 
0;65415;1459 
0;65415;1459 
0;65415;1459 
0;65415;1459 
0;65415;1459 
0;65415;1459 
0;65415;1459 
0;65415;1459 
0;65415;1459 
0;65415;1459 
0;65415;1459 
0;65415;1459 
0;65415;1459 
0;65415;1459 
0;65415;1459 
0;65415;1459 
0;65415;1459 
0;65415;1459 
0;65415;1459 
0;65415;1459 
0;65415;1459 
0;65415;1459 
0;65415;1459 
0;65415;1459 
0;65415;1459 
0;65415;1459 
0;65415;1459 
0;65415;1459 
0;65415;1459 
0;65415;1459 
0;65415;1459 
0;65415;1459 
0;65415;1459 
0;65415;1459 
0;65415;1459 
0;65415;1459 
0;65415;1459 
0;65415;1459 
0;65415;1459 
0;65415;1459 
0;65415;1459 
0;65415;1459 
0;65415;1459 
0;65415;1459 
0;65415;1459 
0;65415;1459 
0;65415;1459 
0;65415;1459 
0;65415;1459 
0;65415;1459 
0;65415;1459 
0;65415;1459 
0;65415;1459 
0;65415;1459 
0;65415;1459 
0;65415;1459 
0;65415;1459 
0;65415;1459 
0;65415;1459 
0;65415;1459 
0;65415;1459 
0;65415;1459 
0;65415;1459 
0;65415;1459 
0;65415;1459 
0;65415;1459 
0;65415;1459 
0;65415;1459 
0;65415;1459 
0;65415;1459 
0;65415;1459 
0;65415;1459 
0;65415;1459 
0;65415;1459 
0;65415;1459 
0;65415;1459 
0;65415;1459 
0;65415;1459 
0;65415;1459 
0;65415;1459 
0;65415;1459 
0;65415;1459 
0;65415;1459 
0;65415;1459 
0;65415;1459 
0;65415;1459 
0;65415;1459 
0;65415;1459 
0;65415;1459 
0;65415;1459 
0;65415;1459 
0;65415;1459 
0;65415;1459 
0;65415;1459 
0;65415;1459 
0;65415;1459 
0;65415;1459 
0;65415;1459 
0;65415;1459 
0;65415;1459 
0;65415;1459 
0;65415;1459 
0;65415;1459 
0;65415;1459 
0;65415;1459 
0;65415;1459 
0;65415;1459 
0;65415;1459 
0;65415;1459 
0;65415;1459 
0;65415;1459 
0;65415;1459 
0;65415;1459 
0;65415;1459 
0;65415;1459 
0;65415;1459 
0;65415;1459 
0;65415;1459 
0;65415;1459 
0;65415;1459 
0;65415;1459 
0;65415;1459 
0;65415;1459 
0;65415;1459 
0;65415;1459 
0;65415;1459 
0;65415;1459 
0;65415;1459 
0;65415;1459 
0;65415;1459 
0;65415;1459 
0;65415;1459 
0;65415;1459 
0;65415;1459 
0;65415;1459 
0;65415;1459 
0;65415;1459 
0;65415;1459 
0;65415;1459 
0;65415;1459 
0;65415;1459 
0;65415;1459 
0;65415;1459 
0;65415;1459 
0;65415;1459 
0;65415;1459 
0;65415;1459 
0;65415;1459 
0;65415;1459 
0;65415;1459 
0;65415;1459 
0;65415;1459 
0;65415;1459 
0;65415;1459 
0;65415;1459 
0;65415;1459 
0;65415;1459 
0;65415;1459 
0;65415;1459 
0;65415;1459 
0;65415;1459 
0;65415;1459 
0;65415;1459 
0;65415;1459 
0;65415;1459 
0;65415;1459 
0;65415;1459 
0;65415;1459 
0;65415;1459 
0;65415;1459 
0;65415;1459 
0;65415;1459 
0;65415;1459 
0;65415;1459 
0;65415;1459 
0;65415;1459 
0;65415;1459 
0;65415;1459 
0;65415;1459 
0;65415;1459 
0;65415;1459 
0;65415;1459 
0;65415;1459 
0;65415;1459 
0;65415;1459 
0;65415;1459 
0;65415;1459 
0;65415;1459 
0;65415;1459 
0;65415;1459 
0;65415;1459 
0;65415;1459 
0;65415;1459 
0;65415;1459 
0;65415;1459 
0;65415;1459 
0;65415;1459 
0;65415;1459 
0;65415;1459 
0;65415;1459 
0;65415;1459 
0;65415;1459 
0;65415;1459 
0;65415;1459 
0;65415;1459 
0;65415;1459 
0;65415;1459 
0;65415;1459 
0;65415;1459 
0;65415;1459 
0;65415;1459 
0;65415;1459 
0;65415;1459 
0;65415;1459 
0;65415;1459 
0;65415;1459 
0;65415;1459 
0;65415;1459 
0;65415;1459 
0;65415;1459 
0;65415;1459 
0;65415;1459 
0;65415;1459 
0;65415;1459 
0;65415;1459 
0;65415;1459 
0;65415;1459 
0;65415;1459 
0;65415;1459 
0;65415;1459 
0;65415;1459 
0;65415;1459 
0;65415;1459 
0;65415;1459 
0;65415;1459 
0;65415;1459 
0;65415;1459 
0;65415;1459 
0;65415;1459 
0;65415;1459 
0;65415;1459 
0;65415;1459 
0;65415;1459 
0;65415;1459 
0;65415;1459 
0;65415;1459 
0;65415;1459 
0;65415;1459 
0;65415;1459 
0;65415;1459 
0;65415;1459 
0;65415;1459 
0;65415;1459 
0;65415;1459 
0;65415;1459 
0;65415;1459 
0;65415;1459 
0;65415;1459 
0;65415;1459 
0;65415;1459 
0;65415;1459 
0;65415;1459 
0;65415;1459 
0;65415;1459 
0;65415;1459 
0;65415;1459 
0;65415;1459 
0;65415;1459 
0;65415;1459 
0;65415;1459 
0;65415;1459 
0;65415;1459 
0;65415;1459 
0;65415;1459 
0;65415;1459 
0;65415;1459 
0;65415;1459 
0;65415;1459 
0;65415;1459 
0;65415;1459 
0;65415;1459 
0;65415;1459 
0;65415;1459 
0;65415;1459 
0;65415;1459 
0;65415;1459 
0;65415;1459 
0;65415;1459 
0;65415;1459 
0;65415;1459 
0;65415;1459 
0;65415;1459 
0;65415;1459 
0;65415;1459 
0;65415;1459 
0;65415;1459 
0;65415;1459 
0;65415;1459 
0;65415;1459 
0;65415;1459 
0;65415;1459 
0;65415;1459 
0;65415;1459 
0;65415;1459 
0;65415;1459 
0;65415;1459 
0;65415;1459 
0;65415;1459 
0;65415;1459 
0;65415;1459 
0;65415;1459 
0;65415;1459 
0;65415;1459 
0;65415;1459 
0;65415;1459 
0;65415;1459 
0;65415;1459 
0;65415;1459 
0;65415;1459 
0;65415;1459 
0;65415;1459 
0;65415;1459 
0;65415;1459 
0;65415;1459 
0;65415;1459 
0;65415;1459 
0;65415;1459 
0;65415;1459 
0;65415;1459 
0;65415;1459 
0;65415;1459 
0;65415;1459 
0;65415;1459 
0;65415;1459 
0;65415;1459 
0;65415;1459 
0;65415;1459 
0;65415;1459 
0;65415;1459 
0;65415;1459 
0;65415;1459 
0;65415;1459 
0;65415;1459 
0;65415;1459 
0;65415;1459 
0;65415;1459 
0;65415;1459 
0;0;0 
0;0;0 
0;0;0 
0;0;0 
0;0;0 
0;0;0 
0;0;0 
0;0;0 
0;0;0 
0;0;0 
0;0;0 
0;0;0 
0;0;0 
0;0;0 
0;0;0 
0;0;0 
0;0;0 
0;0;0 
0;0;0 
0;0;0 
0;0;0 
0;0;0 
0;0;0 
0;0;0 
0;0;0 
0;0;0 
0;0;0 
0;0;0 
0;0;0 
0;0;0 
0;0;0 
0;0;0 
0;0;0 
0;0;0 
0;0;0 
0;0;0 
0;0;0 
0;0;0 
0;0;0 
0;0;0 
0;0;0 
0;0;0 
0;0;0 
0;0;0 
0;0;0 
0;0;0 
0;0;0 
0;0;0 
0;0;0 
0;0;0 
0;0;0 
0;0;0 
0;0;0 
0;0;0 
0;0;0 
0;0;0 
0;0;0 
0;0;0 
0;0;0 
0;0;0 
0;0;0 
0;0;0 
0;0;0 
0;0;0 
0;0;0 
0;0;0 
0;0;0 
0;0;0 
0;0;0 
0;0;0 
0;0;0 
0;0;0 
0;0;0 
0;0;0 
0;0;0 
0;0;0 
0;0;0 
0;0;0 
0;0;0 
0;0;0 
0;0;0 
0;0;0 
0;0;0 
0;0;0 
0;0;0 
0;0;0 
0;0;0 
0;0;0 
0;0;0 
0;0;0 
0;0;0 
0;0;0 
0;0;0 
0;0;0 
0;0;0 
0;0;0 
0;0;0 
0;0;0 
0;0;0 
0;0;0 
0;0;0 
0;0;0 
0;0;0 
0;0;0 
0;0;0 
0;0;0 
0;0;0 
0;0;0 
0;0;0 
0;0;0 
0;0;0 
0;0;0 
0;0;0 
0;0;0 
0;0;0 
0;0;0 
0;0;0 
0;0;0 
0;0;0 
0;0;0 
0;0;0 
0;0;0 
0;0;0 
0;0;0 
0;0;0 
0;0;0 
0;0;0 
0;0;0 
0;0;0 
0;0;0 
0;0;0 
0;0;0 
0;0;0 
0;0;0 
0;0;0 
0;0;0 
0;0;0 
0;0;0 
0;0;0 
0;0;0 
0;0;0 
0;0;0 
0;0;0 
0;0;0 
0;0;0 
0;0;0 
0;0;0 
0;0;0 
0;0;0 
0;0;0 
0;0;0 
0;0;0 
0;0;0 
0;0;0 
0;0;0 
0;0;0 
0;0;0 
0;0;0 
0;0;0 
0;0;0 
0;0;0 
0;0;0 
0;0;0 
0;0;0 
0;0;0 
0;0;0 
Tapez  1 pour afficher les mesures, 2 pour acquisition avant, 3 pour acquisition arriere: 
