Mesures en accel/decel 
Acc_I;Acc_Pos;Acc_Vit;Dec_I;Dec_Pos;Dec_Vit 
2411;0;65535;1121;3329;2874 
3778;0;65535;257;3335;2872 
4095;0;65535;27;3340;2905 
4095;0;65535;0;3344;2938 
4095;1;65535;0;3348;3010 
4061;1;65535;0;3353;3055 
4095;1;65535;0;3357;3095 
3930;1;65535;0;3362;3133 
3745;2;65535;0;3367;3216 
4031;2;65535;0;3371;3242 
4095;3;65535;0;3375;3272 
4027;3;65535;0;3380;3316 
3993;4;65535;0;3384;3361 
3970;4;65535;0;3388;3450 
3986;5;35012;0;3392;3486 
3905;5;35012;0;3396;3522 
3857;6;35012;0;3400;3572 
3995;7;35012;0;3403;3625 
3822;8;35012;0;3407;3723 
3925;8;35012;0;3411;3766 
3842;9;19535;0;3414;3811 
3740;10;19535;0;3418;3871 
3766;11;19535;0;3421;3933 
3486;12;19535;0;3425;4049 
3712;13;15640;0;3428;4049 
3502;14;15640;0;3432;4103 
3796;15;15640;0;3435;4160 
3643;16;15640;0;3438;4234 
3697;17;14199;0;3441;4313 
3471;18;14199;0;3444;4313 
3630;19;14199;0;3448;4450 
3576;20;14199;0;3451;4523 
3596;21;13618;0;3454;4598 
3570;22;13618;0;3457;4691 
3693;23;13618;0;3460;4691 
3663;24;13618;0;3463;4788 
3710;25;13343;0;3465;4952 
3629;26;13343;0;3468;4952 
3565;28;13343;0;3471;5036 
3507;28;13343;0;3474;5134 
3408;30;12654;0;3476;5134 
3577;31;12654;0;3479;5251 
3390;32;12654;0;3481;5377 
3515;33;12102;0;3484;5377 
3493;35;12102;0;3487;5577 
3521;36;12102;0;3489;5691 
3541;37;11579;0;3492;5691 
3342;38;11579;0;3494;5810 
3450;40;11579;0;3496;5810 
3363;41;10955;0;3499;5964 
3300;42;10955;0;3501;6129 
3452;44;10955;0;3503;6129 
3475;45;10498;0;3505;6381 
3305;46;10498;0;3508;6381 
3296;48;10498;0;3509;6544 
3326;49;10007;0;3512;6544 
3360;51;10007;0;3513;6726 
3219;52;10007;0;3516;6726 
3288;53;9560;0;3517;6940 
3341;55;9560;0;3520;6940 
3359;56;9560;0;3521;7172 
3141;58;9205;0;3524;7172 
3215;60;9205;0;3525;7512 
3187;61;8886;0;3527;7512 
3265;63;8886;0;3529;7754 
3204;64;8886;0;3531;7754 
3134;66;8677;0;3532;7754 
3128;68;8677;0;3534;8028 
3050;69;8350;0;3536;8028 
3199;72;8350;0;3537;8348 
3194;73;8088;0;3539;8348 
3176;75;8088;0;3540;8348 
3155;76;8088;0;3542;8679 
2971;79;7874;0;3544;8679 
3022;80;7874;0;3545;9173 
2966;82;7672;0;3547;9173 
2998;84;7672;0;3548;9173 
2957;86;7583;0;3549;9598 
3028;88;7583;0;3551;9598 
2953;90;7393;0;3552;9598 
2986;92;7393;0;3554;10055 
2987;93;7230;0;3555;10055 
3005;96;7230;0;3556;10055 
2947;97;7090;0;3557;10605 
2930;100;7090;0;3559;10605 
2886;101;6948;0;3560;10605 
2962;104;6948;0;3561;11211 
2929;106;6897;0;3563;11211 
2912;108;6897;0;3564;11211 
2855;110;6748;0;3565;12060 
2841;112;6748;0;3566;12060 
2895;114;6619;0;3567;12060 
2983;116;6619;0;3568;12060 
2860;119;6509;0;3569;12876 
2897;120;6509;0;3570;12876 
2901;123;6401;0;3572;12876 
2888;125;6376;0;3572;12876 
2933;128;6376;0;3573;13813 
2824;129;6260;0;3574;13813 
2809;132;6260;0;3575;13813 
2808;134;6159;0;3576;13813 
2857;136;6159;0;3577;14986 
2768;139;6075;0;3578;14986 
2778;141;5997;0;3579;14986 
2801;144;5997;0;3580;14986 
2760;146;5992;0;3580;14986 
2779;148;5992;0;3581;16347 
2829;151;5900;0;3582;16347 
2775;153;5812;0;3583;16347 
2812;156;5812;0;3584;16347 
2698;158;5750;0;3584;16347 
2730;160;5750;0;3585;18256 
2785;163;5683;0;3586;18256 
2739;165;5683;0;3587;18256 
2707;168;5683;0;3587;18256 
2705;171;5597;0;3588;18256 
2644;173;5521;0;3588;18256 
2706;176;5521;0;3589;20667 
2611;178;5468;0;3590;20667 
2638;180;5468;0;3590;20667 
2638;184;5409;0;3591;20667 
2559;186;5419;0;3592;20667 
2584;188;5419;0;3592;20667 
2585;192;5345;0;3592;20667 
2500;194;5271;0;3593;23871 
2612;196;5271;0;3593;23871 
2514;200;5245;0;3594;23871 
2484;202;5185;0;3595;23871 
2589;204;5185;0;3595;23871 
2592;208;5199;0;3596;23871 
2505;210;5131;0;3596;23871 
2515;213;5069;0;3596;23871 
2531;216;5069;0;3597;28746 
2461;219;5024;0;3597;28746 
2499;221;4983;0;3598;28746 
2519;224;4983;0;3598;28746 
2524;227;5002;0;3599;28746 
2447;230;4941;0;3599;28746 
2400;233;4889;0;3600;28746 
2433;236;4889;0;3600;28746 
2389;239;4854;0;3600;28746 
2380;241;4818;0;3600;28746 
2467;244;4818;0;3600;28746 
2435;248;4842;0;3601;37073 
2459;250;4786;0;3601;37073 
2386;253;4740;0;3601;37073 
2427;256;4740;0;3602;37073 
2348;260;4709;0;3602;37073 
2325;262;4681;0;3603;37073 
2401;265;4709;0;3603;37073 
2369;268;4709;0;3603;37073 
2436;272;4661;0;3603;37073 
2346;274;4622;0;3604;37073 
2356;277;4596;0;3604;37073 
2310;280;4596;0;3604;37073 
2335;284;4570;0;3604;37073 
2387;287;4600;0;3604;37073 
2347;289;4557;0;3604;37073 
2256;292;4557;0;3604;37073 
2304;296;4522;0;3604;37073 
2225;299;4501;0;3605;62213 
2150;302;4480;0;3605;62213 
2249;305;4514;0;3605;62213 
2237;308;4514;0;3605;62213 
2292;312;4479;0;3605;62213 
2285;315;4447;0;3605;62213 
2199;318;4427;0;3605;62213 
2200;321;4406;0;3605;62213 
2220;324;4406;0;3605;62213 
2281;328;4440;0;3605;62213 
2321;331;4401;0;3605;62213 
2172;334;4367;0;3605;62213 
2272;337;4338;0;3605;62213 
2218;340;4338;0;3605;62213 
2185;344;4333;0;3605;62213 
2270;347;4358;0;3605;62213 
2175;350;4321;0;3605;62213 
2178;353;4290;0;3605;62213 
2243;356;4290;0;3605;62213 
2150;360;4271;0;3605;62213 
2156;364;4253;0;3605;62213 
2227;367;4289;0;3605;62213 
2151;370;4251;0;3605;62213 
2121;373;4228;0;3605;62213 
2195;376;4228;0;3605;62213 
2129;380;4207;0;3605;65535 
2161;383;4187;0;3605;65535 
2211;387;4223;0;3605;65535 
2125;390;4187;0;3605;65535 
2096;393;4158;0;3605;65535 
2190;396;4158;0;3605;65535 
2111;400;4139;0;3605;65535 
2115;404;4119;0;3605;65535 
2168;407;4156;0;3605;65535 
2123;410;4121;0;3605;65535 
2061;414;4091;0;3605;65535 
2139;417;4072;0;3605;65535 
2095;420;4072;0;3605;65535 
2063;424;4055;0;3605;65535 
2102;428;4090;0;3605;65535 
2097;431;4056;0;3605;65535 
2049;435;4026;0;3605;65535 
2038;438;4008;0;3605;65535 
2009;441;3992;0;3605;65535 
2051;445;4026;0;3605;65535 
2030;448;4026;0;3605;65535 
1994;452;3993;0;3605;65535 
2032;456;3963;0;3605;65535 
2021;460;3947;0;3605;65535 
1987;463;3930;0;3605;65535 
2018;466;3966;0;3605;65535 
1995;470;3932;0;3605;65535 
1996;473;3904;0;3605;65535 
2050;477;3888;0;3605;65535 
1987;480;3888;0;3605;65535 
2014;484;3871;0;3605;65535 
2012;488;3906;0;3605;65535 
1993;492;3874;0;3605;65535 
2007;496;3847;0;3605;65535 
1951;499;3831;0;3605;65535 
1962;503;3817;0;3605;65535 
1955;506;3851;0;3605;65535 
1944;510;3820;0;3605;65535 
1934;513;3795;0;3605;65535 
1976;517;3779;0;3605;65535 
1979;521;3766;0;3605;65535 
2005;525;3800;0;3605;65535 
1959;528;3800;0;3605;65535 
1907;532;3769;0;3605;65535 
1969;536;3744;0;3605;65535 
1935;540;3730;0;3605;65535 
1894;544;3716;0;3605;65535 
1962;548;3750;0;3605;65535 
1959;551;3724;0;3605;65535 
1928;555;3698;0;3605;65535 
1887;559;3685;0;3605;65535 
1866;563;3672;0;3605;65535 
1881;567;3703;0;3605;65535 
1868;570;3685;0;3605;65535 
1825;574;3658;0;3605;65535 
1855;578;3645;0;3605;65535 
1816;582;3634;0;3605;65535 
1858;585;3669;0;3605;65535 
1814;589;3642;0;3605;65535 
1819;593;3620;0;3605;65535 
1890;597;3607;0;3605;65535 
1824;601;3595;0;3605;65535 
1839;605;3633;0;3605;65535 
1840;609;3606;0;3605;65535 
1806;613;3583;0;3605;65535 
1876;616;3583;0;3605;65535 
1812;620;3571;0;3605;65535 
1830;624;3562;0;3605;65535 
1824;628;3598;0;3605;65535 
1796;632;3572;0;3605;65535 
1863;636;3550;0;3605;65535 
1807;640;3539;0;3605;65535 
1818;644;3528;0;3605;65535 
1822;648;3565;0;3605;65535 
1793;652;3539;0;3605;65535 
1852;656;3517;0;3605;65535 
1810;660;3501;0;3605;65535 
1792;664;3497;0;3605;65535 
1805;668;3539;0;3605;65535 
1759;672;3507;0;3605;65535 
1826;676;3487;0;3605;65535 
1777;680;3476;0;3605;65535 
1756;684;3467;0;3605;65535 
1759;688;3503;0;3605;65535 
1735;692;3480;0;3605;65535 
1808;696;3459;0;3605;65535 
1772;700;3450;0;3605;65535 
1770;704;3441;0;3605;65535 
1740;709;3453;0;3605;65535 
1721;713;3434;0;3605;65535 
1774;717;3424;0;3605;65535 
1730;721;3415;0;3605;65535 
1746;725;3452;0;3605;65535 
1726;729;3428;0;3605;65535 
1718;733;3409;0;3605;65535 
1750;737;3399;0;3605;65535 
1707;742;3390;0;3605;65535 
1699;746;3426;0;3605;65535 
1700;750;3403;0;3605;65535 
1676;754;3385;0;3605;65535 
1720;758;3374;0;3605;65535 
1681;763;3366;0;3605;65535 
1732;767;3402;0;3605;65535 
1732;771;3379;0;3605;65535 
1718;775;3361;0;3605;65535 
1706;779;3351;0;3605;65535 
1659;784;3343;0;3605;65535 
1697;788;3379;0;3605;65535 
1695;792;3357;0;3605;65535 
1714;796;3338;0;3605;65535 
1652;800;3330;0;3605;65535 
1635;804;3322;0;3605;65535 
1664;808;3358;0;3605;65535 
1630;812;3336;0;3605;65535 
1687;817;3310;0;3605;65535 
1647;821;3302;0;3605;65535 
1669;825;3333;0;3605;65535 
1633;830;3322;0;3605;65535 
1619;834;3300;0;3605;65535 
1635;838;3291;0;3605;65535 
1603;843;3285;0;3605;65535 
1661;847;3322;0;3605;65535 
1690;851;3301;0;3605;65535 
1679;856;3283;0;3605;65535 
1635;860;3271;0;3605;65535 
1606;864;3274;0;3605;65535 
1635;868;3304;0;3605;65535 
1611;872;3284;0;3605;65535 
1667;876;3268;0;3605;65535 
1627;881;3258;0;3605;65535 
1611;885;3290;0;3605;65535 
1589;889;3270;0;3605;65535 
1575;894;3253;0;3605;65535 
1610;898;3245;0;3605;65535 
1566;903;3239;0;3605;65535 
1637;907;3276;0;3605;65535 
1631;912;3256;0;3605;65535 
1599;916;3239;0;3605;65535 
1569;920;3231;0;3605;65535 
1572;924;3225;0;3605;65535 
1607;928;3262;0;3605;65535 
1570;933;3225;0;3605;65535 
1628;937;3218;0;3605;65535 
1564;941;3210;0;3605;65535 
1573;946;3248;0;3605;65535 
1582;951;3227;0;3605;65535 
1577;955;3212;0;3605;65535 
1580;959;3203;0;3605;65535 
1553;964;3198;0;3605;65535 
1602;968;3233;0;3605;65535 
1580;972;3214;0;3605;65535 
1639;976;3198;0;3605;65535 
1568;981;3184;0;3605;65535 
1553;985;3220;0;3605;65535 
1541;990;3201;0;3605;65535 
1536;994;3185;0;3605;65535 
1543;999;3178;0;3605;65535 
1528;1003;3172;0;3605;65535 
1576;1008;3208;0;3605;65535 
1554;1012;3187;0;3605;65535 
1596;1016;3176;0;3605;65535 
1568;1020;3166;0;3605;65535 
1572;1025;3197;0;3605;65535 
1554;1029;3177;0;3605;65535 
1524;1034;3162;0;3605;65535 
1574;1039;3155;0;3605;65535 
1568;1043;3149;0;3605;65535 
1580;1048;3185;0;3605;65535 
1533;1052;3166;0;3605;65535 
1563;1056;3150;0;3605;65535 
1560;1060;3144;0;3605;65535 
1549;1065;3175;0;3605;65535 
1526;1069;3152;0;3605;65535 
1511;1074;3143;0;3605;65535 
1555;1079;3133;0;3605;65535 
1549;1083;3129;0;3605;65535 
1539;1088;3163;0;3605;65535 
1507;1092;3145;0;3605;65535 
1573;1096;3131;0;3605;65535 
1500;1101;3119;0;3605;65535 
1500;1105;3155;0;3605;65535 
1502;1110;3129;0;3605;65535 
1513;1115;3129;0;3605;65535 
1522;1119;3116;0;3605;65535 
1494;1124;3108;0;3605;65535 
1527;1128;3147;0;3605;65535 
1514;1132;3127;0;3605;65535 
1581;1137;3106;0;3605;65535 
1498;1141;3101;0;3605;65535 
1466;1146;3137;0;3605;65535 
1540;1151;3118;0;3605;65535 
1560;1155;3104;0;3605;65535 
1519;1160;3097;0;3605;65535 
1482;1164;3092;0;3605;65535 
1524;1168;3128;0;3605;65535 
1503;1173;3095;0;3605;65535 
1534;1177;3088;0;3605;65535 
1490;1182;3083;0;3605;65535 
1538;1187;3118;0;3605;65535 
1542;1192;3101;0;3605;65535 
1523;1196;3086;0;3605;65535 
1505;1200;3080;0;3605;65535 
1506;1205;3111;0;3605;65535 
1490;1209;3092;0;3605;65535 
1483;1214;3078;0;3605;65535 
1503;1219;3072;0;3605;65535 
1487;1223;3066;0;3605;65535 
1501;1228;3103;0;3605;65535 
1498;1232;3085;0;3605;65535 
1552;1237;3065;0;3605;65535 
1492;1241;3060;0;3605;65535 
1465;1246;3095;0;3605;65535 
1526;1251;3079;0;3605;65535 
1523;1255;3057;0;3605;65535 
1481;1260;3063;0;3605;65535 
1482;1264;3051;0;3605;65535 
1494;1269;3070;0;3605;65535 
1477;1273;3056;0;3605;65535 
1476;1278;3050;0;3605;65535 
1435;1283;3045;0;3605;65535 
1485;1288;3081;0;3605;65535 
1471;1292;3063;0;3605;65535 
1500;1296;3049;0;3605;65535 
1450;1301;3038;0;3605;65535 
1453;1305;3075;0;3605;65535 
1465;1310;3057;0;3605;65535 
1468;1315;3043;0;3605;65535 
1446;1320;3037;0;3605;65535 
1444;1324;3032;0;3605;65535 
1449;1328;3069;0;3605;65535 
1451;1333;3037;0;3605;65535 
1445;1338;3031;0;3605;65535 
1401;1343;3026;0;3605;65535 
1440;1348;3062;0;3605;65535 
1404;1352;3044;0;3605;65535 
1463;1356;3032;0;3605;65535 
1422;1361;3021;0;3605;65535 
1380;1366;3058;0;3605;65535 
1400;1371;3040;0;3605;65535 
1437;1375;3027;0;3605;65535 
1402;1380;3022;0;3605;65535 
1410;1384;3017;0;3605;65535 
1434;1389;3036;0;3605;65535 
1417;1393;3022;0;3605;65535 
1431;1398;3017;0;3605;65535 
1427;1403;3012;0;3605;65535 
1477;1408;3043;0;3605;65535 
1442;1412;3035;0;3605;65535 
1497;1416;3017;0;3605;65535 
1436;1421;3006;0;3605;65535 
1427;1426;3042;0;3605;65535 
1459;1431;3025;0;3605;65535 
1444;1436;3010;0;3605;65535 
1412;1440;3005;0;3605;65535 
1405;1444;3001;0;3605;65535 
1400;1449;3019;0;3605;65535 
1373;1454;3007;0;3605;65535 
1422;1459;2999;0;3605;65535 
1412;1464;2996;0;3605;65535 
1434;1468;3032;0;3605;65535 
1416;1472;3012;0;3605;65535 
1458;1477;2997;0;3605;65535 
1378;1482;2997;0;3605;65535 
1413;1487;3029;0;3605;65535 
1428;1492;3011;0;3605;65535 
1476;1496;2997;0;3605;65535 
1454;1500;2993;0;3605;65535 
1452;1505;3024;0;3605;65535 
1446;1510;3007;0;3605;65535 
1469;1515;2992;0;3605;65535 
1412;1520;2989;0;3605;65535 
1400;1524;2984;0;3605;65535 
1415;1529;3003;0;3605;65535 
1409;1533;2989;0;3605;65535 
1408;1538;2985;0;3605;65535 
1399;1543;2981;0;3605;65535 
1434;1548;3016;0;3605;65535 
1424;1552;3000;0;3605;65535 
1445;1557;2981;0;3605;65535 
1348;1562;2977;0;3605;65535 
1425;1567;3014;0;3605;65535 
1464;1571;2996;0;3605;65535 
1397;1576;2983;0;3605;65535 
1408;1580;2978;0;3605;65535 
1387;1585;3010;0;3605;65535 
1373;1590;2993;0;3605;65535 
1405;1595;2979;0;3605;65535 
1409;1600;2976;0;3605;65535 
1376;1604;2970;0;3605;65535 
1415;1608;3008;0;3605;65535 
1358;1613;2976;0;3605;65535 
1391;1618;2973;0;3605;65535 
1405;1623;2968;0;3605;65535 
1434;1628;3004;0;3605;65535 
1378;1632;2986;0;3605;65535 
1426;1637;2969;0;3605;65535 
1370;1642;2963;0;3605;65535 
1395;1647;3000;0;3605;65535 
1414;1652;2982;0;3605;65535 
1383;1656;2969;0;3605;65535 
1367;1660;2965;0;3605;65535 
1360;1665;2997;0;3605;65535 
1370;1670;2979;0;3605;65535 
1391;1675;2966;0;3605;65535 
1363;1680;2962;0;3605;65535 
1353;1684;2958;0;3605;65535 
1369;1689;2977;0;3605;65535 
1327;1694;2963;0;3605;65535 
1374;1699;2960;0;3605;65535 
1362;1704;2955;0;3605;65535 
1332;1708;2991;0;3605;65535 
1338;1712;2974;0;3605;65535 
1381;1717;2957;0;3605;65535 
1322;1722;2953;0;3605;65535 
1392;1727;2989;0;3605;65535 
1393;1732;2972;0;3605;65535 
1423;1736;2959;0;3605;65535 
1372;1741;2950;0;3605;65535 
1313;1746;2987;0;3605;65535 
1375;1751;2971;0;3605;65535 
1405;1756;2958;0;3605;65535 
1401;1760;2953;0;3605;65535 
1392;1764;2944;0;3605;65535 
1362;1769;2968;0;3605;65535 
1375;1774;2956;0;3605;65535 
1379;1779;2950;0;3605;65535 
1329;1784;2946;0;3605;65535 
1394;1788;2983;0;3605;65535 
1381;1793;2953;0;3605;65535 
1389;1798;2949;0;3605;65535 
1351;1803;2944;0;3605;65535 
1363;1808;2981;0;3605;65535 
1345;1812;2965;0;3605;65535 
1412;1817;2948;0;3605;65535 
1322;1822;2943;0;3605;65535 
1395;1827;2980;0;3605;65535 
1431;1832;2962;0;3605;65535 
1384;1836;2949;0;3605;65535 
1326;1841;2941;0;3605;65535 
1287;1845;2970;0;3605;65535 
1351;1850;2968;0;3605;65535 
1379;1855;2948;0;3605;65535 
1336;1860;2944;0;3605;65535 
1372;1864;2939;0;3605;65535 
1358;1869;2958;0;3605;65535 
1325;1874;2946;0;3605;65535 
1338;1879;2941;0;3605;65535 
1307;1884;2938;0;3605;65535 
1335;1888;2974;0;3605;65535 
1343;1893;2945;0;3605;65535 
1367;1898;2940;0;3605;65535 
1368;1903;2936;0;3605;65535 
1395;1908;2973;0;3605;65535 
1350;1912;2955;0;3605;65535 
1379;1917;2939;0;3605;65535 
1313;1922;2935;0;3605;65535 
1359;1927;2970;0;3605;65535 
1391;1932;2955;0;3605;65535 
1367;1936;2942;0;3605;65535 
1347;1941;2934;0;3605;65535 
1319;1945;2969;0;3605;65535 
1338;1951;2952;0;3605;65535 
1334;1955;2940;0;3605;65535 
1304;1960;2936;0;3605;65535 
1340;1964;2927;0;3605;65535 
1306;1969;2951;0;3605;65535 
1309;1974;2939;0;3605;65535 
1326;1979;2926;0;3605;65535 
1302;1984;2939;0;3605;65535 
1336;1988;2966;0;3605;65535 
1330;1993;2934;0;3605;65535 
1325;1998;2935;0;3605;65535 
1299;2003;2928;0;3605;65535 
1337;2008;2965;0;3605;65535 
1276;2012;2948;0;3605;65535 
1343;2017;2931;0;3605;65535 
1272;2022;2928;0;3605;65535 
1342;2027;2964;0;3605;65535 
1344;2032;2947;0;3605;65535 
1361;2036;2934;0;3605;65535 
1359;2041;2918;0;3605;65535 
1320;2046;2970;0;3605;65535 
1384;2051;2946;0;3605;65535 
1380;2056;2933;0;3605;65535 
1364;2060;2928;0;3605;65535 
1388;2065;2960;0;3605;65535 
1356;2070;2945;0;3605;65535 
1359;2075;2932;0;3605;65535 
1327;2080;2927;0;3605;65535 
1362;2084;2924;0;3605;65535 
1400;2089;2943;0;3605;65535 
1348;2093;2930;0;3605;65535 
1342;2099;2926;0;3605;65535 
1339;2104;2923;0;3605;65535 
1293;2108;2958;0;3605;65535 
1292;2112;2943;0;3605;65535 
1334;2117;2926;0;3605;65535 
1318;2122;2924;0;3605;65535 
1386;2127;2959;0;3605;65535 
1323;2132;2942;0;3605;65535 
1357;2136;2930;0;3605;65535 
1319;2141;2919;0;3605;65535 
1338;2146;2961;0;3605;65535 
1379;2151;2942;0;3605;65535 
1322;2156;2929;0;3605;65535 
1356;2160;2925;0;3605;65535 
1350;2165;2957;0;3605;65535 
1349;2170;2941;0;3605;65535 
1390;2175;2927;0;3605;65535 
1324;2180;2924;0;3605;65535 
1372;2184;2919;0;3605;65535 
1352;2189;2939;0;3605;65535 
1351;2194;2922;0;3605;65535 
1366;2199;2927;0;3605;65535 
1328;2204;2918;0;3605;65535 
1361;2208;2954;0;3605;65535 
1350;2213;2925;0;3605;65535 
1337;2218;2920;0;3605;65535 
1339;2223;2918;0;3605;65535 
1339;2228;2953;0;3605;65535 
1319;2232;2936;0;3605;65535 
1359;2237;2920;0;3605;65535 
1283;2242;2916;0;3605;65535 
1353;2247;2953;0;3605;65535 
1346;2252;2936;0;3605;65535 
1379;2256;2919;0;3605;65535 
1348;2261;2915;0;3605;65535 
1337;2266;2951;0;3605;65535 
1362;2271;2933;0;3605;65535 
1336;2276;2920;0;3605;65535 
1347;2280;2917;0;3605;65535 
1350;2285;2948;0;3605;65535 
1319;2290;2932;0;3605;65535 
1359;2295;2918;0;3605;65535 
1294;2300;2914;0;3605;65535 
1313;2304;2910;0;3605;65535 
1312;2309;2929;0;3605;65535 
1297;2314;2917;0;3605;65535 
1317;2319;2912;0;3605;65535 
1250;2324;2908;0;3605;65535 
1295;2328;2942;0;3605;65535 
1279;2333;2915;0;3605;65535 
1261;2338;2913;0;3605;65535 
1294;2343;2908;0;3605;65535 
1326;2348;2945;0;3605;65535 
1306;2352;2929;0;3605;65535 
1312;2357;2913;0;3605;65535 
1241;2362;2903;0;3605;65535 
1278;2367;2951;0;3605;65535 
1257;2372;2930;0;3605;65535 
1326;2376;2911;0;3605;65535 
1275;2381;2910;0;3605;65535 
1296;2386;2947;0;3605;65535 
1332;2391;2931;0;3605;65535 
1289;2396;2918;0;3605;65535 
1335;2400;2915;0;3605;65535 
1303;2405;2947;0;3605;65535 
1307;2410;2930;0;3605;65535 
1361;2415;2919;0;3605;65535 
1333;2420;2914;0;3605;65535 
1334;2424;2904;0;3605;65535 
1315;2429;2929;0;3605;65535 
1332;2434;2910;0;3605;65535 
1354;2439;2920;0;3605;65535 
1309;2444;2908;0;3605;65535 
1348;2448;2945;0;3605;65535 
1347;2453;2916;0;3605;65535 
1349;2458;2911;0;3605;65535 
1348;2463;2906;0;3605;65535 
1320;2468;2943;0;3605;65535 
1314;2472;2926;0;3605;65535 
1328;2477;2910;0;3605;65535 
1301;2483;2905;0;3605;65535 
1360;2488;2942;0;3605;65535 
1330;2492;2925;0;3605;65535 
1380;2497;2908;0;3605;65535 
1305;2501;2903;0;3605;65535 
1339;2507;2940;0;3605;65535 
1353;2512;2923;0;3605;65535 
1345;2516;2911;0;3605;65535 
1352;2521;2902;0;3605;65535 
1298;2526;2933;0;3605;65535 
1320;2531;2927;0;3605;65535 
1341;2536;2909;0;3605;65535 
1319;2540;2906;0;3605;65535 
1337;2545;2937;0;3605;65535 
1302;2550;2920;0;3605;65535 
1368;2555;2908;0;3605;65535 
1328;2560;2902;0;3605;65535 
1332;2564;2899;0;3605;65535 
1340;2569;2918;0;3605;65535 
1304;2574;2904;0;3605;65535 
1324;2579;2898;0;3605;65535 
1306;2584;2897;0;3605;65535 
1341;2588;2938;0;3605;65535 
1333;2593;2904;0;3605;65535 
1342;2598;2900;0;3605;65535 
1328;2603;2896;0;3605;65535 
1348;2608;2928;0;3605;65535 
1328;2612;2919;0;3605;65535 
1371;2617;2899;0;3605;65535 
1316;2622;2894;0;3605;65535 
1373;2627;2931;0;3605;65535 
1321;2632;2915;0;3605;65535 
1348;2636;2902;0;3605;65535 
1297;2641;2894;0;3605;65535 
1341;2647;2930;0;3605;65535 
1382;2652;2914;0;3605;65535 
1367;2656;2902;0;3605;65535 
1339;2661;2893;0;3605;65535 
1312;2666;2929;0;3605;65535 
1306;2671;2912;0;3605;65535 
1345;2676;2900;0;3605;65535 
1331;2680;2896;0;3605;65535 
1364;2685;2923;0;3605;65535 
1327;2690;2918;0;3605;65535 
1390;2695;2899;0;3605;65535 
1349;2700;2895;0;3605;65535 
1340;2704;2890;0;3605;65535 
1334;2709;2910;0;3605;65535 
1336;2714;2897;0;3605;65535 
1345;2719;2893;0;3605;65535 
1311;2724;2888;0;3605;65535 
1340;2728;2926;0;3605;65535 
1316;2733;2896;0;3605;65535 
1343;2738;2893;0;3605;65535 
1336;2743;2887;0;3605;65535 
1346;2748;2923;0;3605;65535 
1356;2753;2897;0;3605;65535 
1349;2757;2890;0;3605;65535 
1336;2763;2886;0;3605;65535 
1382;2768;2916;0;3605;65535 
1323;2772;2911;0;3605;65535 
1372;2777;2888;0;3605;65535 
1315;2782;2885;0;3605;65535 
1384;2787;2922;0;3605;65535 
1370;2792;2903;0;3605;65535 
1383;2796;2891;0;3605;65535 
1346;2801;2887;0;3605;65535 
1325;2806;2919;0;3605;65535 
1359;2811;2903;0;3605;65535 
1353;2816;2891;0;3605;65535 
1369;2820;2885;0;3605;65535 
1364;2825;2919;0;3605;65535 
1373;2831;2902;0;3605;65535 
1405;2836;2883;0;3605;65535 
1369;2840;2890;0;3605;65535 
1385;2845;2916;0;3605;65535 
1335;2850;2898;0;3605;65535 
1397;2855;2885;0;3605;65535 
1372;2860;2881;0;3605;65535 
1378;2864;2877;0;3605;65535 
1366;2869;2895;0;3605;65535 
1348;2874;2883;0;3605;65535 
1327;2879;2877;0;3605;65535 
1305;2884;2872;0;3605;65535 
1338;2888;2912;0;3605;65535 
1322;2893;2880;0;3605;65535 
1309;2899;2876;0;3605;65535 
1316;2904;2871;0;3605;65535 
1341;2908;2907;0;3605;65535 
1330;2913;2877;0;3605;65535 
1310;2918;2869;0;3605;65535 
1337;2923;2871;0;3605;65535 
1337;2928;2903;0;3605;65535 
1332;2932;2886;0;3605;65535 
1341;2937;2868;0;3605;65535 
1317;2942;2864;0;3605;65535 
1366;2948;2899;0;3605;65535 
1329;2952;2882;0;3605;65535 
1375;2957;2865;0;3605;65535 
1304;2962;2860;0;3605;65535 
1370;2967;2897;0;3605;65535 
1343;2972;2879;0;3605;65535 
1397;2976;2867;0;3605;65535 
1331;2981;2858;0;3605;65535 
1330;2986;2894;0;3605;65535 
1355;2992;2876;0;3605;65535 
1360;2996;2864;0;3605;65535 
1329;3001;2856;0;3605;65535 
1293;3006;2885;0;3605;65535 
1343;3011;2881;0;3605;65535 
1353;3016;2862;0;3605;65535 
1338;3020;2859;0;3605;65535 
1320;3025;2890;0;3605;65535 
1326;3031;2873;0;3605;65535 
1341;3036;2861;0;3605;65535 
1296;3040;2858;0;3605;65535 
1300;3045;2882;0;3605;65535 
1283;3050;2881;0;3605;65535 
1354;3055;2861;0;3605;65535 
1315;3060;2850;0;3605;65535 
1317;3064;2860;0;3605;65535 
1293;3069;2873;0;3605;65535 
1331;3075;2860;0;3605;65535 
1312;3080;2856;0;3605;65535 
1313;3084;2845;0;3605;65535 
1312;3089;2871;0;3605;65535 
1275;3094;2859;0;3605;65535 
1274;3099;2855;0;3605;65535 
1273;3104;2851;0;3605;65535 
1320;3109;2871;0;3605;65535 
1316;3114;2859;0;3605;65535 
1319;3119;2854;0;3605;65535 
1298;3124;2851;0;3605;65535 
1327;3128;2888;0;3605;65535 
1312;3133;2852;0;3605;65535 
1301;3138;2861;0;3605;65535 
1297;3144;2851;0;3605;65535 
1323;3148;2887;0;3605;65535 
1323;3153;2858;0;3605;65535 
1316;3158;2854;0;3605;65535 
1308;3163;2851;0;3605;65535 
1320;3168;2887;0;3605;65535 
1326;3172;2870;0;3605;65535 
1325;3177;2854;0;3605;65535 
1282;3183;2851;0;3605;65535 
1329;3188;2887;0;3605;65535 
1327;3192;2871;0;3605;65535 
1357;3197;2854;0;3605;65535 
1274;3202;2851;0;3605;65535 
1339;3207;2888;0;3605;65535 
1292;3212;2870;0;3605;65535 
1333;3216;2858;0;3605;65535 
1259;3221;2858;0;3605;65535 
1308;3227;2888;0;3605;65535 
1327;3232;2870;0;3605;65535 
1357;3236;2860;0;3605;65535 
1319;3241;2851;0;3605;65535 
1320;3246;2887;0;3605;65535 
1343;3251;2871;0;3605;65535 
1350;3256;2858;0;3605;65535 
1315;3261;2852;0;3605;65535 
1275;3266;2888;0;3605;65535 
1328;3271;2870;0;3605;65535 
1337;3276;2861;0;3605;65535 
1338;3280;2855;0;3605;65535 
1344;3285;2888;0;3605;65535 
1323;3291;2871;0;3605;65535 
1360;3296;2856;0;3605;65535 
1311;3300;2859;0;3605;65535 
1309;3305;2889;0;3605;65535 
1280;3310;2872;0;3605;65535 
1332;3315;2860;0;3605;65535 
1267;3320;2858;0;3605;65535 
1244;3324;2854;0;3605;65535 
0;0;0;0;3605;65535 
0;0;0;0;3605;65535 
0;0;0;0;3605;65535 
0;0;0;0;0;0 
0;0;0;0;0;0 
0;0;0;0;0;0 
0;0;0;0;0;0 
0;0;0;0;0;0 
0;0;0;0;0;0 
0;0;0;0;0;0 
0;0;0;0;0;0 
0;0;0;0;0;0 
0;0;0;0;0;0 
0;0;0;0;0;0 
0;0;0;0;0;0 
0;0;0;0;0;0 
0;0;0;0;0;0 
0;0;0;0;0;0 
0;0;0;0;0;0 
0;0;0;0;0;0 
0;0;0;0;0;0 
0;0;0;0;0;0 
0;0;0;0;0;0 
0;0;0;0;0;0 
0;0;0;0;0;0 
0;0;0;0;0;0 
0;0;0;0;0;0 
0;0;0;0;0;0 
0;0;0;0;0;0 
0;0;0;0;0;0 
0;0;0;0;0;0 
0;0;0;0;0;0 
0;0;0;0;0;0 
0;0;0;0;0;0 
0;0;0;0;0;0 
0;0;0;0;0;0 
0;0;0;0;0;0 
0;0;0;0;0;0 
0;0;0;0;0;0 
0;0;0;0;0;0 
0;0;0;0;0;0 
0;0;0;0;0;0 
0;0;0;0;0;0 
0;0;0;0;0;0 
0;0;0;0;0;0 
0;0;0;0;0;0 
0;0;0;0;0;0 
0;0;0;0;0;0 
0;0;0;0;0;0 
0;0;0;0;0;0 
0;0;0;0;0;0 
0;0;0;0;0;0 
0;0;0;0;0;0 
0;0;0;0;0;0 
0;0;0;0;0;0 
0;0;0;0;0;0 
0;0;0;0;0;0 
0;0;0;0;0;0 
0;0;0;0;0;0 
0;0;0;0;0;0 
0;0;0;0;0;0 
0;0;0;0;0;0 
0;0;0;0;0;0 
0;0;0;0;0;0 
0;0;0;0;0;0 
0;0;0;0;0;0 
0;0;0;0;0;0 
0;0;0;0;0;0 
0;0;0;0;0;0 
0;0;0;0;0;0 
0;0;0;0;0;0 
0;0;0;0;0;0 
0;0;0;0;0;0 
0;0;0;0;0;0 
0;0;0;0;0;0 
0;0;0;0;0;0 
0;0;0;0;0;0 
0;0;0;0;0;0 
0;0;0;0;0;0 
0;0;0;0;0;0 
0;0;0;0;0;0 
0;0;0;0;0;0 
0;0;0;0;0;0 
0;0;0;0;0;0 
0;0;0;0;0;0 
0;0;0;0;0;0 
0;0;0;0;0;0 
0;0;0;0;0;0 
0;0;0;0;0;0 
0;0;0;0;0;0 
0;0;0;0;0;0 
0;0;0;0;0;0 
0;0;0;0;0;0 
0;0;0;0;0;0 
0;0;0;0;0;0 
0;0;0;0;0;0 
0;0;0;0;0;0 
0;0;0;0;0;0 
0;0;0;0;0;0 
0;0;0;0;0;0 
0;0;0;0;0;0 
0;0;0;0;0;0 
0;0;0;0;0;0 
0;0;0;0;0;0 
0;0;0;0;0;0 
0;0;0;0;0;0 
0;0;0;0;0;0 
0;0;0;0;0;0 
0;0;0;0;0;0 
0;0;0;0;0;0 
0;0;0;0;0;0 
0;0;0;0;0;0 
0;0;0;0;0;0 
0;0;0;0;0;0 
0;0;0;0;0;0 
0;0;0;0;0;0 
0;0;0;0;0;0 
0;0;0;0;0;0 
0;0;0;0;0;0 
0;0;0;0;0;0 
0;0;0;0;0;0 
0;0;0;0;0;0 
0;0;0;0;0;0 
0;0;0;0;0;0 
0;0;0;0;0;0 
0;0;0;0;0;0 
0;0;0;0;0;0 
0;0;0;0;0;0 
0;0;0;0;0;0 
0;0;0;0;0;0 
0;0;0;0;0;0 
0;0;0;0;0;0 
0;0;0;0;0;0 
0;0;0;0;0;0 
0;0;0;0;0;0 
0;0;0;0;0;0 
0;0;0;0;0;0 
0;0;0;0;0;0 
0;0;0;0;0;0 
0;0;0;0;0;0 
0;0;0;0;0;0 
0;0;0;0;0;0 
0;0;0;0;0;0 
0;0;0;0;0;0 
0;0;0;0;0;0 
0;0;0;0;0;0 
0;0;0;0;0;0 
0;0;0;0;0;0 
0;0;0;0;0;0 
0;0;0;0;0;0 
0;0;0;0;0;0 
0;0;0;0;0;0 
0;0;0;0;0;0 
0;0;0;0;0;0 
0;0;0;0;0;0 
0;0;0;0;0;0 
0;0;0;0;0;0 
0;0;0;0;0;0 
0;0;0;0;0;0 
0;0;0;0;0;0 
0;0;0;0;0;0 
0;0;0;0;0;0 
0;0;0;0;0;0 
0;0;0;0;0;0 
0;0;0;0;0;0 
0;0;0;0;0;0 
0;0;0;0;0;0 
0;0;0;0;0;0 
0;0;0;0;0;0 
Tapez  1 pour afficher les mesures, 2 pour acquisition avant, 3 pour acquisition arriere: 
