Mesures en accel/decel 
Acc_I;Acc_Pos;Acc_Vit;Dec_I;Dec_Pos;Dec_Vit 
0;0;65535;1432;5481;392 
2423;0;65535;426;5485;393 
3537;0;65535;105;5489;398 
3899;1;65535;0;5493;409 
4009;1;65535;0;5497;413 
4095;1;65535;0;5500;418 
4095;1;65535;0;5504;424 
4095;1;65535;0;5507;432 
3901;2;65535;0;5511;443 
3793;2;65535;0;5514;443 
3957;2;65535;0;5518;449 
3907;2;65535;0;5522;454 
3902;3;65535;0;5525;463 
3684;3;65535;0;5529;470 
3549;4;65535;0;5532;485 
3507;4;65535;0;5535;491 
3575;5;65535;0;5538;491 
3685;5;65535;0;5542;498 
3537;6;65535;0;5545;508 
3419;6;65535;0;5547;518 
3577;6;65535;0;5550;518 
3593;7;3647;0;5554;534 
3398;7;3647;0;5556;543 
3242;8;3647;0;5559;553 
3491;9;3647;0;5562;553 
3474;9;3647;0;5565;564 
3401;10;3647;0;5567;576 
3405;10;3647;0;5570;576 
3477;11;2793;0;5573;596 
3310;11;2793;0;5575;608 
3407;12;2793;0;5578;608 
3319;13;2793;0;5581;620 
3162;14;2793;0;5583;635 
3403;14;2793;0;5586;635 
3379;15;2194;0;5588;650 
3351;16;2194;0;5590;650 
3414;17;2194;0;5593;675 
3239;18;2194;0;5595;691 
3330;19;1854;0;5597;691 
3348;20;1854;0;5599;706 
3403;21;1854;0;5602;706 
3313;22;1854;0;5603;727 
3354;22;1854;0;5606;727 
3210;23;1678;0;5608;749 
3216;25;1678;0;5610;749 
3177;26;1678;0;5612;781 
3262;26;1678;0;5614;781 
3091;28;1561;0;5616;801 
3209;29;1561;0;5618;801 
3027;30;1561;0;5620;823 
3171;31;1492;0;5622;823 
3143;32;1492;0;5623;851 
3035;33;1492;0;5626;851 
3076;34;1492;0;5627;881 
3065;35;1410;0;5629;881 
3129;37;1410;0;5630;881 
2994;38;1410;0;5632;923 
3079;39;1327;0;5634;923 
3096;40;1327;0;5635;955 
3069;42;1327;0;5637;955 
3135;43;1256;0;5638;955 
2929;44;1256;0;5640;989 
2876;46;1256;0;5642;989 
2966;47;1197;0;5643;1034 
2880;48;1197;0;5645;1034 
2903;50;1197;0;5646;1034 
2979;51;1171;0;5647;1081 
2991;52;1171;0;5649;1081 
2816;54;1171;0;5650;1081 
3014;55;1131;0;5652;1146 
3034;57;1131;0;5653;1146 
2892;58;1131;0;5654;1146 
2904;59;1087;0;5656;1201 
3005;61;1087;0;5657;1201 
3001;62;1087;0;5658;1201 
2817;64;1054;0;5659;1261 
2779;66;1054;0;5661;1261 
2762;67;1020;0;5662;1261 
2830;69;1020;0;5663;1339 
2873;70;1020;0;5664;1339 
2873;72;1007;0;5666;1339 
2697;74;1007;0;5666;1339 
2829;75;981;0;5667;1424 
2856;77;981;0;5669;1424 
2818;78;981;0;5670;1424 
2861;81;954;0;5670;1424 
2829;82;954;0;5671;1538 
2698;84;934;0;5673;1538 
2675;86;934;0;5674;1538 
2680;87;914;0;5674;1538 
2574;89;914;0;5675;1651 
2723;91;906;0;5676;1651 
2651;93;906;0;5677;1651 
2701;94;906;0;5678;1651 
2754;96;887;0;5679;1781 
2699;98;887;0;5680;1781 
2652;100;867;0;5681;1781 
2639;102;867;0;5682;1781 
2631;104;852;0;5682;1781 
2599;106;852;0;5683;1956 
2549;107;841;0;5684;1956 
2571;110;841;0;5685;1956 
2665;111;837;0;5685;1956 
2579;114;837;0;5686;1956 
2675;115;820;0;5686;1956 
2671;117;820;0;5687;2162 
2645;119;804;0;5688;2162 
2657;121;804;0;5689;2162 
2659;123;794;0;5690;2162 
2569;126;794;0;5690;2162 
2542;127;784;0;5690;2162 
2593;130;784;0;5691;2454 
2632;131;782;0;5692;2454 
2511;134;782;0;5692;2454 
2583;135;767;0;5693;2454 
2516;138;767;0;5694;2454 
2567;140;755;0;5694;2454 
2575;142;755;0;5694;2454 
2495;144;747;0;5695;2833 
2519;146;747;0;5695;2833 
2481;148;737;0;5696;2833 
2547;150;737;0;5697;2833 
2576;153;738;0;5697;2833 
2540;155;727;0;5698;2833 
2564;157;727;0;5698;2833 
2543;159;716;0;5698;2833 
2536;162;716;0;5698;2833 
2469;164;708;0;5699;3413 
2484;166;708;0;5699;3413 
2447;169;700;0;5700;3413 
2519;170;700;0;5700;3413 
2492;173;701;0;5701;3413 
2459;175;690;0;5701;3413 
2442;178;690;0;5702;3413 
2481;180;681;0;5702;3413 
2522;182;681;0;5702;3413 
2448;185;676;0;5702;3413 
2448;187;668;0;5702;3413 
2430;190;668;0;5703;4527 
2441;192;671;0;5703;4527 
2383;194;671;0;5703;4527 
2479;197;663;0;5704;4527 
2424;199;654;0;5704;4527 
2418;202;654;0;5704;4527 
2368;204;649;0;5705;4527 
2383;206;649;0;5705;4527 
2335;209;642;0;5705;4527 
2383;211;647;0;5705;4527 
2269;214;647;0;5706;4527 
2354;217;637;0;5706;4527 
2354;219;630;0;5706;4527 
2367;222;630;0;5706;4527 
2357;224;626;0;5706;4527 
2383;226;626;0;5706;4527 
2345;229;621;0;5706;4527 
2383;232;623;0;5706;4527 
2333;234;623;0;5707;7262 
2394;237;617;0;5707;7262 
2373;239;610;0;5707;7262 
2386;242;610;0;5707;7262 
2341;245;606;0;5707;7262 
2309;247;602;0;5707;7262 
2295;250;602;0;5707;7262 
2371;253;605;0;5707;7262 
2333;255;599;0;5707;7262 
2329;258;599;0;5708;7262 
2395;261;594;0;5708;7262 
2344;263;591;0;5708;7262 
2310;266;591;0;5708;7262 
2304;269;586;0;5708;7262 
2324;271;591;0;5708;7262 
2246;274;591;0;5708;7262 
2322;277;584;0;5708;7262 
2283;280;580;0;5708;7262 
2325;282;580;0;5708;7262 
2256;286;576;0;5708;7262 
2187;288;572;0;5708;7262 
2251;291;576;0;5708;7262 
2178;294;576;0;5708;7262 
2283;297;571;0;5708;7262 
2247;299;567;0;5708;7262 
2243;302;567;0;5708;7262 
2211;305;563;0;5708;7262 
2143;308;560;0;5708;7262 
2239;310;560;0;5708;7262 
2149;314;565;0;5708;7262 
2219;317;559;0;5708;7262 
2204;319;556;0;5708;7262 
2199;322;556;0;5708;7262 
2167;325;553;0;5708;7262 
2102;328;550;0;5708;7262 
2196;330;550;0;5708;7262 
2113;334;555;0;5708;7262 
2197;337;550;0;5708;7262 
2124;339;546;0;5708;7262 
2174;342;546;0;5708;7262 
2136;346;544;0;5708;7262 
2108;348;541;0;5708;7262 
2205;351;547;0;5708;7262 
2117;354;547;0;5708;7262 
2171;357;541;0;5708;7262 
2091;360;537;0;5708;7262 
2149;363;535;0;5708;7262 
2031;366;535;0;5708;7262 
2087;369;532;0;5708;7262 
2150;372;537;0;5708;7262 
2126;375;532;0;5708;7262 
2115;378;532;0;5708;7262 
2148;381;528;0;5708;7262 
2052;384;526;0;5708;7262 
2052;387;524;0;5708;7262 
2025;390;524;0;5708;7262 
2089;393;529;0;5708;7262 
2081;396;524;0;5708;7262 
2055;399;520;0;5708;7262 
2077;402;520;0;5708;7262 
2035;406;519;0;5708;7262 
2023;409;517;0;5708;7262 
2099;411;522;0;5708;7262 
2066;414;522;0;5708;7262 
2044;418;517;0;5708;7262 
2055;421;514;0;5708;7262 
2000;424;513;0;5708;7262 
2028;427;510;0;5708;7262 
1937;430;510;0;5708;7262 
2019;433;516;0;5708;7262 
2004;436;512;0;5708;7262 
1979;439;508;0;5708;7262 
1994;442;508;0;5708;7262 
1914;446;506;0;5708;7262 
1936;449;506;0;5708;7262 
2016;452;510;0;5708;7262 
1991;455;506;0;5708;7262 
1955;458;506;0;5708;7262 
1939;462;503;0;5708;7262 
1891;465;502;0;5708;7262 
1848;468;500;0;5708;7262 
1955;471;504;0;5708;7262 
1876;474;504;0;5708;7262 
1924;478;501;0;5708;7262 
1935;481;497;0;5708;7262 
1915;484;496;0;5708;7262 
1937;487;495;0;5708;7262 
1897;490;495;0;5708;7262 
1902;494;498;0;5708;7262 
1941;497;495;0;5708;7262 
1854;500;491;0;5708;7262 
1887;503;491;0;5708;7262 
1831;506;491;0;5708;7262 
1832;510;489;0;5708;7262 
1974;513;494;0;5708;7262 
1926;516;489;0;5708;7262 
1898;519;487;0;5708;7262 
1915;522;487;0;5708;7262 
1826;526;486;0;5708;7262 
1909;529;484;0;5708;7262 
1994;533;488;0;5708;7262 
1904;536;485;0;5708;7262 
1899;539;482;0;5708;7262 
1852;542;482;0;5708;7262 
1825;546;481;0;5708;7262 
1880;549;480;0;5708;7262 
1965;552;484;0;5708;7262 
1879;555;480;0;5708;7262 
1912;559;478;0;5708;7262 
1869;562;478;0;5708;7262 
1773;566;477;0;5708;7262 
1817;569;475;0;5708;7262 
1915;572;480;0;5708;7262 
1887;575;477;0;5708;7262 
1901;579;474;0;5708;7262 
1885;582;474;0;5708;7262 
1727;586;474;0;5708;7262 
1741;589;472;0;5708;7262 
1871;593;477;0;5708;7262 
1837;596;475;0;5708;7262 
1854;599;472;0;5708;7262 
1883;602;472;0;5708;7262 
1773;606;471;0;5708;7262 
1774;610;469;0;5708;7262 
1867;613;475;0;5708;7262 
1828;616;471;0;5708;7262 
1827;619;468;0;5708;7262 
1859;623;467;0;5708;7262 
1822;626;467;0;5708;7262 
1797;630;466;0;5708;7262 
1869;633;471;0;5708;7262 
1857;637;467;0;5708;7262 
1802;640;465;0;5708;7262 
1785;643;463;0;5708;7262 
1763;646;463;0;5708;7262 
1794;650;463;0;5708;7262 
1803;654;468;0;5708;7262 
1883;657;464;0;5708;7262 
1861;661;463;0;5708;7262 
1740;664;461;0;5708;7262 
1701;667;461;0;5708;7262 
1811;670;461;0;5708;7262 
1790;674;466;0;5708;7262 
1819;678;464;0;5708;7262 
1825;681;461;0;5708;7262 
1743;685;460;0;5708;7262 
1697;688;458;0;5708;7262 
1819;691;465;0;5708;7262 
1820;695;461;0;5708;7262 
1818;698;461;0;5708;7262 
1781;702;458;0;5708;7262 
1759;706;457;0;5708;7262 
1732;709;456;0;5708;7262 
1793;712;461;0;5708;7262 
1711;716;458;0;5708;7262 
1732;719;455;0;5708;7262 
1767;723;453;0;5708;7262 
1655;726;453;0;5708;7262 
1648;730;453;0;5708;7262 
1738;734;458;0;5708;7262 
1798;737;454;0;5708;7262 
1767;741;452;0;5708;7262 
1653;744;450;0;5708;7262 
1636;747;449;0;5708;7262 
1732;751;455;0;5708;7262 
1606;754;455;0;5708;7262 
1595;758;451;0;5708;7262 
1693;762;449;0;5708;7262 
1605;765;448;0;5708;7262 
1603;769;447;0;5708;7262 
1662;772;452;0;5708;7262 
1605;776;449;0;5708;7262 
1638;779;446;0;5708;7262 
1675;783;446;0;5708;7262 
1540;786;446;0;5708;7262 
1540;790;445;0;5708;7262 
1601;794;450;0;5708;7262 
1630;797;447;0;5708;7262 
1638;801;445;0;5708;7262 
1507;804;444;0;5708;7262 
1459;808;443;0;5708;7262 
1517;811;449;0;5708;7262 
1537;815;445;0;5708;7262 
1624;818;445;0;5708;7262 
1625;822;444;0;5708;65535 
1484;826;442;0;5708;65535 
1531;830;442;0;5708;65535 
1612;833;447;0;5708;65535 
1587;837;443;0;5708;65535 
1639;840;443;0;5708;65535 
1596;844;442;0;5708;65535 
1504;847;440;0;5708;65535 
1553;851;446;0;5708;65535 
1551;854;446;0;5708;65535 
1588;858;443;0;5708;65535 
1673;862;441;0;5708;65535 
1485;866;441;0;5708;65535 
1546;869;439;0;5708;65535 
1662;873;445;0;5708;65535 
1506;876;442;0;5708;65535 
1594;880;440;0;5708;65535 
1629;883;440;0;5708;65535 
1531;887;438;0;5708;65535 
1596;890;438;0;5708;65535 
1534;894;444;0;5708;65535 
1532;898;441;0;5708;65535 
1640;902;439;0;5708;65535 
1508;905;439;0;5708;65535 
1559;909;438;0;5708;65535 
1682;912;443;0;5708;65535 
1587;916;440;0;5708;65535 
1597;919;438;0;5708;65535 
1655;923;438;0;5708;65535 
1559;927;437;0;5708;65535 
1612;930;437;0;5708;65535 
1589;934;443;0;5708;65535 
1601;938;440;0;5708;65535 
1691;942;437;0;5708;65535 
1569;945;437;0;5708;65535 
1577;949;437;0;5708;65535 
1682;952;441;0;5708;65535 
1566;956;439;0;5708;65535 
1641;959;436;0;5708;65535 
1709;963;434;0;5708;65535 
1584;967;436;0;5708;65535 
1621;970;436;0;5708;65535 
1600;974;440;0;5708;65535 
1590;978;438;0;5708;65535 
1676;982;435;0;5708;65535 
1592;985;435;0;5708;65535 
1607;989;433;0;5708;65535 
1675;993;439;0;5708;65535 
1599;996;436;0;5708;65535 
1616;999;434;0;5708;65535 
1666;1003;433;0;5708;65535 
1568;1007;432;0;5708;65535 
1568;1010;432;0;5708;65535 
1570;1014;437;0;5708;65535 
1587;1018;434;0;5708;65535 
1654;1022;431;0;5708;65535 
1571;1026;432;0;5708;65535 
1589;1029;431;0;5708;65535 
1681;1033;435;0;5708;65535 
1562;1037;432;0;5708;65535 
1613;1040;430;0;5708;65535 
1630;1044;428;0;5708;65535 
1549;1047;428;0;5708;65535 
1622;1051;434;0;5708;65535 
1591;1055;431;0;5708;65535 
1619;1058;431;0;5708;65535 
1694;1062;428;0;5708;65535 
1536;1066;427;0;5708;65535 
1575;1070;426;0;5708;65535 
1613;1074;432;0;5708;65535 
1601;1078;429;0;5708;65535 
1688;1081;426;0;5708;65535 
1577;1085;426;0;5708;65535 
1536;1089;426;0;5708;65535 
1643;1092;430;0;5708;65535 
1544;1096;428;0;5708;65535 
1574;1099;426;0;5708;65535 
1649;1103;425;0;5708;65535 
1561;1107;425;0;5708;65535 
1588;1111;428;0;5708;65535 
1567;1114;428;0;5708;65535 
1593;1118;428;0;5708;65535 
1646;1122;426;0;5708;65535 
1523;1126;424;0;5708;65535 
1541;1130;423;0;5708;65535 
1603;1134;429;0;5708;65535 
1549;1137;425;0;5708;65535 
1629;1141;424;0;5708;65535 
1535;1145;422;0;5708;65535 
1455;1148;422;0;5708;65535 
1553;1152;427;0;5708;65535 
1462;1156;424;0;5708;65535 
1508;1159;422;0;5708;65535 
1573;1163;422;0;5708;65535 
1472;1167;421;0;5708;65535 
1554;1171;425;0;5708;65535 
1513;1174;425;0;5708;65535 
1523;1178;422;0;5708;65535 
1594;1182;423;0;5708;65535 
1485;1186;421;0;5708;65535 
1478;1190;420;0;5708;65535 
1514;1194;425;0;5708;65535 
1505;1198;423;0;5708;65535 
1594;1201;421;0;5708;65535 
1499;1205;421;0;5708;65535 
1478;1209;420;0;5708;65535 
1601;1213;425;0;5708;65535 
1500;1216;423;0;5708;65535 
1528;1220;421;0;5708;65535 
1563;1224;420;0;5708;65535 
1493;1227;419;0;5708;65535 
1581;1231;426;0;5708;65535 
1541;1235;422;0;5708;65535 
1583;1239;421;0;5708;65535 
1666;1242;421;0;5708;65535 
1540;1246;419;0;5708;65535 
1555;1250;420;0;5708;65535 
1559;1254;424;0;5708;65535 
1561;1258;421;0;5708;65535 
1641;1262;419;0;5708;65535 
1522;1266;418;0;5708;65535 
1532;1269;419;0;5708;65535 
1624;1273;422;0;5708;65535 
1561;1277;420;0;5708;65535 
1605;1281;418;0;5708;65535 
1496;1284;417;0;5708;65535 
1479;1288;416;0;5708;65535 
1582;1292;422;0;5708;65535 
1528;1296;419;0;5708;65535 
1575;1299;416;0;5708;65535 
1614;1303;416;0;5708;65535 
1506;1307;416;0;5708;65535 
1574;1311;420;0;5708;65535 
1562;1315;418;0;5708;65535 
1590;1318;418;0;5708;65535 
1649;1322;415;0;5708;65535 
1531;1326;415;0;5708;65535 
1547;1330;415;0;5708;65535 
1537;1334;419;0;5708;65535 
1543;1338;417;0;5708;65535 
1611;1342;414;0;5708;65535 
1492;1346;414;0;5708;65535 
1543;1350;413;0;5708;65535 
1617;1353;419;0;5708;65535 
1579;1357;415;0;5708;65535 
1631;1361;414;0;5708;65535 
1547;1365;413;0;5708;65535 
1514;1369;413;0;5708;65535 
1591;1372;417;0;5708;65535 
1541;1376;415;0;5708;65535 
1586;1380;413;0;5708;65535 
1577;1384;412;0;5708;65535 
1505;1388;412;0;5708;65535 
1574;1391;417;0;5708;65535 
1535;1395;414;0;5708;65535 
1583;1399;413;0;5708;65535 
1621;1403;411;0;5708;65535 
1520;1407;412;0;5708;65535 
1563;1411;415;0;5708;65535 
1530;1414;415;0;5708;65535 
1545;1418;414;0;5708;65535 
1618;1422;411;0;5708;65535 
1506;1426;411;0;5708;65535 
1515;1430;410;0;5708;65535 
1521;1434;415;0;5708;65535 
1532;1438;413;0;5708;65535 
1573;1442;410;0;5708;65535 
1483;1446;410;0;5708;65535 
1475;1450;409;0;5708;65535 
1529;1454;413;0;5708;65535 
1522;1458;413;0;5708;65535 
1585;1461;409;0;5708;65535 
1483;1465;409;0;5708;65535 
1477;1469;409;0;5708;65535 
1548;1473;413;0;5708;65535 
1515;1477;411;0;5708;65535 
1528;1481;409;0;5708;65535 
1501;1485;408;0;5708;65535 
1446;1488;408;0;5708;65535 
1535;1492;413;0;5708;65535 
1509;1496;410;0;5708;65535 
1527;1500;409;0;5708;65535 
1522;1504;408;0;5708;65535 
1469;1508;407;0;5708;65535 
1511;1512;412;0;5708;65535 
1497;1515;410;0;5708;65535 
1511;1519;407;0;5708;65535 
1543;1523;407;0;5708;65535 
1478;1527;407;0;5708;65535 
1509;1531;411;0;5708;65535 
1504;1535;408;0;5708;65535 
1514;1539;407;0;5708;65535 
1563;1543;406;0;5708;65535 
1466;1547;405;0;5708;65535 
1494;1550;405;0;5708;65535 
1515;1554;410;0;5708;65535 
1548;1558;408;0;5708;65535 
1612;1562;405;0;5708;65535 
1490;1566;405;0;5708;65535 
1506;1570;404;0;5708;65535 
1519;1574;409;0;5708;65535 
1521;1578;407;0;5708;65535 
1566;1582;404;0;5708;65535 
1483;1586;405;0;5708;65535 
1482;1590;403;0;5708;65535 
1481;1594;408;0;5708;65535 
1489;1598;407;0;5708;65535 
1509;1602;404;0;5708;65535 
1463;1606;404;0;5708;65535 
1486;1610;403;0;5708;65535 
1525;1614;409;0;5708;65535 
1522;1618;406;0;5708;65535 
1580;1622;405;0;5708;65535 
1521;1626;403;0;5708;65535 
1511;1630;404;0;5708;65535 
1586;1633;409;0;5708;65535 
1544;1637;406;0;5708;65535 
1592;1641;405;0;5708;65535 
1534;1645;404;0;5708;65535 
1523;1649;404;0;5708;65535 
1601;1653;408;0;5708;65535 
1567;1657;406;0;5708;65535 
1602;1661;405;0;5708;65535 
1552;1665;403;0;5708;65535 
1504;1669;404;0;5708;65535 
1583;1673;408;0;5708;65535 
1469;1677;405;0;5708;65535 
1490;1680;404;0;5708;65535 
1490;1684;404;0;5708;65535 
1440;1688;402;0;5708;65535 
1451;1692;409;0;5708;65535 
1471;1696;405;0;5708;65535 
1513;1700;404;0;5708;65535 
1500;1704;404;0;5708;65535 
1458;1708;403;0;5708;65535 
1524;1712;408;0;5708;65535 
1471;1716;405;0;5708;65535 
1505;1719;404;0;5708;65535 
1521;1723;403;0;5708;65535 
1460;1727;403;0;5708;65535 
1516;1731;408;0;5708;65535 
1496;1735;405;0;5708;65535 
1511;1739;404;0;5708;65535 
1474;1743;403;0;5708;65535 
1432;1747;402;0;5708;65535 
1482;1751;408;0;5708;65535 
1467;1755;404;0;5708;65535 
1478;1759;403;0;5708;65535 
1540;1763;403;0;5708;65535 
1485;1767;401;0;5708;65535 
1500;1771;407;0;5708;65535 
1486;1775;407;0;5708;65535 
1503;1778;404;0;5708;65535 
1557;1782;401;0;5708;65535 
1487;1786;401;0;5708;65535 
1511;1790;401;0;5708;65535 
1488;1794;405;0;5708;65535 
1506;1798;402;0;5708;65535 
1549;1802;399;0;5708;65535 
1477;1806;401;0;5708;65535 
1474;1810;399;0;5708;65535 
1449;1814;403;0;5708;65535 
1486;1818;401;0;5708;65535 
1540;1822;399;0;5708;65535 
1464;1826;399;0;5708;65535 
1479;1830;398;0;5708;65535 
1465;1834;402;0;5708;65535 
1513;1838;399;0;5708;65535 
1557;1842;398;0;5708;65535 
1486;1846;397;0;5708;65535 
1485;1850;397;0;5708;65535 
1459;1854;401;0;5708;65535 
1489;1858;398;0;5708;65535 
1547;1862;397;0;5708;65535 
1481;1866;397;0;5708;65535 
1483;1870;395;0;5708;65535 
1476;1874;401;0;5708;65535 
1503;1878;398;0;5708;65535 
1567;1882;397;0;5708;65535 
1503;1886;396;0;5708;65535 
1460;1890;396;0;5708;65535 
1425;1894;401;0;5708;65535 
1437;1898;398;0;5708;65535 
1524;1902;397;0;5708;65535 
1445;1906;397;0;5708;65535 
1476;1910;396;0;5708;65535 
1488;1914;401;0;5708;65535 
1510;1918;399;0;5708;65535 
1575;1922;397;0;5708;65535 
1484;1926;396;0;5708;65535 
1492;1930;396;0;5708;65535 
1503;1934;401;0;5708;65535 
1489;1938;398;0;5708;65535 
1537;1942;397;0;5708;65535 
1496;1946;396;0;5708;65535 
1503;1950;395;0;5708;65535 
1503;1954;401;0;5708;65535 
1507;1958;398;0;5708;65535 
1556;1962;397;0;5708;65535 
1483;1966;396;0;5708;65535 
1497;1970;395;0;5708;65535 
1500;1974;401;0;5708;65535 
1489;1978;398;0;5708;65535 
1522;1982;396;0;5708;65535 
1483;1986;396;0;5708;65535 
1494;1990;395;0;5708;65535 
1496;1994;401;0;5708;65535 
1490;1998;398;0;5708;65535 
1540;2002;396;0;5708;65535 
1454;2006;395;0;5708;65535 
1483;2010;395;0;5708;65535 
1488;2014;400;0;5708;65535 
1499;2018;398;0;5708;65535 
1527;2022;395;0;5708;65535 
1494;2026;396;0;5708;65535 
1501;2030;394;0;5708;65535 
1514;2034;400;0;5708;65535 
1520;2038;397;0;5708;65535 
1569;2042;395;0;5708;65535 
1491;2046;394;0;5708;65535 
1496;2050;395;0;5708;65535 
1491;2055;396;0;5708;65535 
1496;2059;394;0;5708;65535 
1538;2063;394;0;5708;65535 
1453;2067;393;0;5708;65535 
1452;2071;397;0;5708;65535 
1459;2075;395;0;5708;65535 
1484;2079;393;0;5708;65535 
1514;2083;392;0;5708;65535 
1441;2087;392;0;5708;65535 
1463;2091;396;0;5708;65535 
1457;2095;394;0;5708;65535 
1464;2099;392;0;5708;65535 
1466;2103;391;0;5708;65535 
1415;2107;390;0;5708;65535 
1477;2111;396;0;5708;65535 
1459;2115;392;0;5708;65535 
1468;2119;391;0;5708;65535 
1462;2123;391;0;5708;65535 
1412;2128;389;0;5708;65535 
1448;2132;395;0;5708;65535 
1411;2136;392;0;5708;65535 
1444;2140;390;0;5708;65535 
1423;2144;390;0;5708;65535 
1395;2148;390;0;5708;65535 
1468;2152;394;0;5708;65535 
1395;2156;392;0;5708;65535 
1445;2160;390;0;5708;65535 
1447;2165;390;0;5708;65535 
1415;2169;389;0;5708;65535 
1467;2173;394;0;5708;65535 
1475;2177;392;0;5708;65535 
1497;2181;391;0;5708;65535 
1465;2185;390;0;5708;65535 
1431;2189;389;0;5708;65535 
1504;2193;395;0;5708;65535 
1500;2197;392;0;5708;65535 
1537;2201;391;0;5708;65535 
1483;2205;390;0;5708;65535 
1453;2209;390;0;5708;65535 
1499;2213;395;0;5708;65535 
1497;2218;392;0;5708;65535 
1549;2222;391;0;5708;65535 
1466;2226;390;0;5708;65535 
1438;2230;389;0;5708;65535 
1494;2234;396;0;5708;65535 
1474;2238;393;0;5708;65535 
1505;2242;391;0;5708;65535 
1447;2246;390;0;5708;65535 
1443;2250;391;0;5708;65535 
1457;2254;395;0;5708;65535 
1471;2258;393;0;5708;65535 
1499;2262;391;0;5708;65535 
1454;2266;391;0;5708;65535 
1419;2270;391;0;5708;65535 
1433;2274;395;0;5708;65535 
1424;2278;394;0;5708;65535 
1457;2282;391;0;5708;65535 
1393;2286;391;0;5708;65535 
1399;2290;391;0;5708;65535 
1437;2294;396;0;5708;65535 
1429;2298;393;0;5708;65535 
1490;2302;391;0;5708;65535 
1426;2306;391;0;5708;65535 
1424;2310;390;0;5708;65535 
1427;2314;395;0;5708;65535 
1445;2318;392;0;5708;65535 
1470;2323;390;0;5708;65535 
1436;2327;389;0;5708;65535 
1450;2331;394;0;5708;65535 
1453;2335;391;0;5708;65535 
1472;2339;390;0;5708;65535 
1491;2343;388;0;5708;65535 
1421;2347;388;0;5708;65535 
1431;2351;393;0;5708;65535 
1421;2355;390;0;5708;65535 
1439;2359;389;0;5708;65535 
1435;2363;388;0;5708;65535 
1397;2368;387;0;5708;65535 
1438;2372;392;0;5708;65535 
1434;2376;390;0;5708;65535 
1477;2380;387;0;5708;65535 
1464;2384;388;0;5708;65535 
1394;2388;387;0;5708;65535 
1453;2392;391;0;5708;65535 
1432;2397;390;0;5708;65535 
1456;2401;387;0;5708;65535 
1410;2405;387;0;5708;65535 
1405;2409;387;0;5708;65535 
1467;2413;392;0;5708;65535 
1455;2417;389;0;5708;65535 
1496;2421;387;0;5708;65535 
1429;2425;387;0;5708;65535 
1423;2430;387;0;5708;65535 
1455;2434;391;0;5708;65535 
1447;2438;389;0;5708;65535 
1481;2442;387;0;5708;65535 
1412;2446;387;0;5708;65535 
1389;2450;386;0;5708;65535 
1411;2454;391;0;5708;65535 
1424;2458;389;0;5708;65535 
1468;2462;386;0;5708;65535 
1409;2466;387;0;5708;65535 
1405;2470;386;0;5708;65535 
1436;2474;391;0;5708;65535 
1455;2478;389;0;5708;65535 
1519;2482;387;0;5708;65535 
1449;2486;386;0;5708;65535 
1468;2490;386;0;5708;65535 
1479;2495;388;0;5708;65535 
1500;2499;387;0;5708;65535 
1544;2503;388;0;5708;65535 
1468;2507;386;0;5708;65535 
1495;2511;391;0;5708;65535 
1498;2515;389;0;5708;65535 
1508;2519;387;0;5708;65535 
1514;2523;387;0;5708;65535 
1440;2528;386;0;5708;65535 
1456;2532;391;0;5708;65535 
1461;2536;389;0;5708;65535 
1487;2540;387;0;5708;65535 
1487;2544;387;0;5708;65535 
1435;2548;386;0;5708;65535 
1493;2552;391;0;5708;65535 
1487;2557;389;0;5708;65535 
1527;2561;387;0;5708;65535 
1477;2565;387;0;5708;65535 
1434;2569;386;0;5708;65535 
1506;2573;390;0;5708;65535 
1481;2577;389;0;5708;65535 
1533;2581;386;0;5708;65535 
1461;2586;387;0;5708;65535 
1427;2590;385;0;5708;65535 
1469;2594;391;0;5708;65535 
1449;2598;388;0;5708;65535 
1505;2602;386;0;5708;65535 
1443;2606;386;0;5708;65535 
1414;2610;385;0;5708;65535 
1429;2614;390;0;5708;65535 
1418;2618;388;0;5708;65535 
1504;2622;385;0;5708;65535 
1436;2626;386;0;5708;65535 
1451;2630;384;0;5708;65535 
1481;2634;389;0;5708;65535 
1490;2638;387;0;5708;65535 
1525;2643;385;0;5708;65535 
1463;2647;383;0;5708;65535 
1473;2651;389;0;5708;65535 
1457;2655;386;0;5708;65535 
1480;2659;384;0;5708;65535 
1481;2663;385;0;5708;65535 
1413;2667;384;0;5708;65535 
1450;2672;388;0;5708;65535 
1452;2676;386;0;5708;65535 
1467;2680;384;0;5708;65535 
1462;2684;385;0;5708;65535 
1419;2688;383;0;5708;65535 
1456;2693;388;0;5708;65535 
1441;2697;387;0;5708;65535 
1515;2701;384;0;5708;65535 
1477;2705;384;0;5708;65535 
1426;2709;384;0;5708;65535 
1435;2713;389;0;5708;65535 
1392;2717;386;0;5708;65535 
1464;2722;385;0;5708;65535 
1398;2726;384;0;5708;65535 
1372;2730;384;0;5708;65535 
1341;2734;389;0;5708;65535 
1316;2738;387;0;5708;65535 
1457;2742;385;0;5708;65535 
1403;2746;384;0;5708;65535 
1399;2750;385;0;5708;65535 
1395;2754;389;0;5708;65535 
1415;2758;387;0;5708;65535 
1469;2762;385;0;5708;65535 
1415;2766;385;0;5708;65535 
1447;2770;384;0;5708;65535 
1432;2775;387;0;5708;65535 
1454;2779;386;0;5708;65535 
1506;2783;385;0;5708;65535 
1429;2787;385;0;5708;65535 
1435;2791;389;0;5708;65535 
1410;2795;387;0;5708;65535 
1414;2799;385;0;5708;65535 
1438;2804;386;0;5708;65535 
1387;2808;384;0;5708;65535 
1425;2812;390;0;5708;65535 
1417;2816;387;0;5708;65535 
1472;2820;386;0;5708;65535 
1468;2825;385;0;5708;65535 
1421;2829;385;0;5708;65535 
1479;2833;389;0;5708;65535 
1452;2837;387;0;5708;65535 
1510;2841;386;0;5708;65535 
1468;2845;386;0;5708;65535 
1436;2849;384;0;5708;65535 
1474;2854;390;0;5708;65535 
1444;2858;387;0;5708;65535 
1491;2862;385;0;5708;65535 
1413;2866;385;0;5708;65535 
1385;2870;385;0;5708;65535 
1398;2874;389;0;5708;65535 
1380;2878;387;0;5708;65535 
1474;2882;384;0;5708;65535 
1393;2886;385;0;5708;65535 
1341;2890;384;0;5708;65535 
1358;2894;389;0;5708;65535 
1378;2898;387;0;5708;65535 
1448;2902;386;0;5708;65535 
1387;2907;385;0;5708;65535 
1437;2911;391;0;5708;65535 
1415;2915;388;0;5708;65535 
1397;2919;387;0;5708;65535 
1450;2923;387;0;5708;65535 
1406;2927;387;0;5708;65535 
1432;2931;392;0;5708;65535 
1406;2935;390;0;5708;65535 
1431;2939;388;0;5708;65535 
1413;2943;388;0;5708;65535 
1344;2948;387;0;5708;65535 
1393;2952;394;0;5708;65535 
1410;2956;391;0;5708;65535 
1431;2960;390;0;5708;65535 
1434;2964;389;0;5708;65535 
1359;2968;389;0;5708;65535 
1436;2972;394;0;5708;65535 
1410;2976;392;0;5708;65535 
1449;2981;390;0;5708;65535 
1442;2985;390;0;5708;65535 
1375;2989;390;0;5708;65535 
1451;2993;394;0;5708;65535 
1433;2997;393;0;5708;65535 
1462;3001;390;0;5708;65535 
1426;3005;390;0;5708;65535 
1408;3009;389;0;5708;65535 
1473;3013;395;0;5708;65535 
1444;3017;392;0;5708;65535 
1511;3021;390;0;5708;65535 
1457;3025;390;0;5708;65535 
1391;3030;389;0;5708;65535 
1458;3034;394;0;5708;65535 
1459;3038;392;0;5708;65535 
1525;3042;389;0;5708;65535 
1465;3046;390;0;5708;65535 
1433;3050;389;0;5708;65535 
1473;3054;394;0;5708;65535 
1461;3058;391;0;5708;65535 
1502;3062;389;0;5708;65535 
1465;3066;389;0;5708;65535 
1439;3070;389;0;5708;65535 
1467;3074;393;0;5708;65535 
1464;3078;391;0;5708;65535 
1535;3082;388;0;5708;65535 
1490;3086;389;0;5708;65535 
1492;3090;388;0;5708;65535 
1511;3094;393;0;5708;65535 
1506;3098;390;0;5708;65535 
1559;3102;388;0;5708;65535 
1481;3106;388;0;5708;65535 
1475;3111;392;0;5708;65535 
1491;3115;389;0;5708;65535 
1499;3119;387;0;5708;65535 
1544;3123;387;0;5708;65535 
1485;3127;386;0;5708;65535 
1507;3131;391;0;5708;65535 
1458;3135;389;0;5708;65535 
1491;3139;387;0;5708;65535 
1515;3143;386;0;5708;65535 
1470;3148;386;0;5708;65535 
1494;3152;391;0;5708;65535 
1477;3156;388;0;5708;65535 
1509;3160;387;0;5708;65535 
1502;3164;386;0;5708;65535 
1450;3168;386;0;5708;65535 
1500;3173;391;0;5708;65535 
1487;3177;389;0;5708;65535 
1542;3181;387;0;5708;65535 
1508;3185;387;0;5708;65535 
1474;3189;386;0;5708;65535 
1515;3193;392;0;5708;65535 
1494;3197;389;0;5708;65535 
1544;3201;388;0;5708;65535 
1503;3206;388;0;5708;65535 
1451;3210;387;0;5708;65535 
1495;3214;393;0;5708;65535 
1486;3218;391;0;5708;65535 
1551;3222;389;0;5708;65535 
1503;3226;390;0;5708;65535 
1474;3230;389;0;5708;65535 
1507;3234;394;0;5708;65535 
1491;3238;393;0;5708;65535 
1538;3242;390;0;5708;65535 
1480;3246;391;0;5708;65535 
1460;3250;390;0;5708;65535 
1498;3254;395;0;5708;65535 
1513;3258;393;0;5708;65535 
1568;3262;391;0;5708;65535 
1499;3266;391;0;5708;65535 
1506;3270;390;0;5708;65535 
1537;3274;395;0;5708;65535 
1541;3278;392;0;5708;65535 
1582;3282;391;0;5708;65535 
1515;3286;390;0;5708;65535 
1533;3290;390;0;5708;65535 
1553;3294;394;0;5708;65535 
1545;3298;393;0;5708;65535 
1583;3303;389;0;5708;65535 
1544;3307;390;0;5708;65535 
1553;3311;394;0;5708;65535 
1542;3315;391;0;5708;65535 
1534;3319;390;0;5708;65535 
1565;3323;389;0;5708;65535 
1503;3327;389;0;5708;65535 
1522;3331;394;0;5708;65535 
1525;3335;391;0;5708;65535 
1505;3339;389;0;5708;65535 
1533;3343;388;0;5708;65535 
1468;3347;389;0;5708;65535 
1518;3352;393;0;5708;65535 
1504;3356;390;0;5708;65535 
1542;3360;388;0;5708;65535 
1527;3364;389;0;5708;65535 
1475;3368;387;0;5708;65535 
1517;3372;392;0;5708;65535 
1489;3377;390;0;5708;65535 
1535;3381;388;0;5708;65535 
1529;3385;387;0;5708;65535 
1489;3389;387;0;5708;65535 
1566;3393;392;0;5708;65535 
1535;3397;389;0;5708;65535 
1580;3401;387;0;5708;65535 
1537;3405;387;0;5708;65535 
1497;3409;387;0;5708;65535 
1543;3414;391;0;5708;65535 
1516;3418;389;0;5708;65535 
1568;3422;388;0;5708;65535 
1516;3426;387;0;5708;65535 
1473;3430;387;0;5708;65535 
0;0;0;0;5708;65535 
0;0;0;0;5708;65535 
Tapez  1 pour afficher les mesures, 2 pour acquisition avant, 3 pour acquisition arriere: 
