Mesures en accel/decel 
Acc_I;Acc_Pos;Acc_Vit;Dec_I;Dec_Pos;Dec_Vit 
0;5708;65535;1338;2446;407 
2839;5708;65535;399;2442;408 
3863;5708;65535;93;2438;414 
3667;5708;65535;0;2435;422 
3549;5708;65535;0;2431;422 
3575;5708;65535;0;2427;435 
3679;5708;65535;0;2424;443 
3463;5707;65535;0;2421;443 
3449;5707;65535;0;2417;451 
3311;5707;65535;0;2414;461 
3308;5706;65535;0;2410;462 
3530;5706;65535;0;2407;476 
3587;5706;65535;0;2403;487 
3595;5706;65535;0;2401;487 
3189;5705;65535;0;2398;494 
3375;5704;65535;0;2394;508 
3371;5703;65535;0;2391;509 
3515;5703;65535;0;2388;526 
3477;5702;65535;0;2385;526 
3479;5702;65535;0;2382;539 
3234;5701;65535;0;2379;549 
3206;5701;65535;0;2377;549 
3525;5700;2548;0;2374;565 
3445;5699;2548;0;2371;568 
3186;5698;2548;0;2368;589 
3333;5698;2548;0;2366;589 
3389;5697;2548;0;2363;605 
3633;5696;2262;0;2361;605 
3500;5695;2262;0;2358;619 
3228;5694;2262;0;2355;642 
3013;5694;2262;0;2353;642 
3261;5694;2262;0;2350;648 
3248;5693;2262;0;2348;679 
3472;5692;2140;0;2346;679 
3397;5691;2140;0;2344;702 
3246;5690;2140;0;2342;702 
3275;5690;2140;0;2339;724 
2946;5689;2140;0;2338;724 
3075;5688;1977;0;2335;757 
3149;5687;1977;0;2334;757 
3318;5686;1977;0;2331;773 
3227;5685;1977;0;2330;773 
3250;5684;1793;0;2327;813 
2994;5683;1793;0;2326;813 
2989;5682;1793;0;2323;848 
3006;5681;1793;0;2322;848 
3112;5680;1602;0;2320;882 
3146;5679;1602;0;2318;882 
3044;5678;1602;0;2317;882 
3045;5677;1602;0;2315;935 
3087;5675;1455;0;2314;935 
2998;5674;1455;0;2312;965 
2929;5674;1455;0;2310;965 
3095;5672;1354;0;2309;965 
3141;5671;1354;0;2307;1025 
3213;5670;1354;0;2306;1025 
2903;5669;1354;0;2304;1082 
3057;5667;1309;0;2303;1082 
3137;5666;1309;0;2302;1082 
2938;5665;1309;0;2300;1141 
2844;5663;1266;0;2298;1141 
2873;5662;1266;0;2298;1141 
2760;5661;1266;0;2296;1231 
2994;5659;1217;0;2295;1231 
2813;5658;1217;0;2294;1231 
2797;5657;1217;0;2293;1231 
2867;5655;1181;0;2291;1298 
2808;5654;1181;0;2290;1298 
2855;5653;1181;0;2289;1298 
2944;5651;1124;0;2288;1404 
2906;5650;1124;0;2287;1404 
2765;5648;1105;0;2286;1404 
2910;5646;1105;0;2285;1404 
2979;5645;1105;0;2284;1514 
2831;5643;1076;0;2283;1514 
2871;5642;1076;0;2282;1514 
2763;5641;1076;0;2281;1514 
2885;5639;1040;0;2280;1621 
2741;5638;1040;0;2279;1621 
2962;5636;1016;0;2278;1621 
2717;5634;1016;0;2277;1621 
2732;5633;1016;0;2276;1768 
2871;5631;973;0;2275;1768 
2820;5630;973;0;2274;1768 
2768;5627;966;0;2274;1768 
2944;5626;966;0;2273;1768 
2755;5624;949;0;2272;1908 
2764;5622;949;0;2271;1908 
2723;5621;949;0;2270;1908 
2803;5619;925;0;2270;1908 
2682;5618;925;0;2269;1908 
2777;5615;912;0;2269;1908 
2658;5614;912;0;2268;2149 
2689;5612;880;0;2267;2149 
2718;5610;880;0;2266;2149 
2680;5608;878;0;2266;2149 
2741;5606;878;0;2265;2149 
2709;5605;878;0;2265;2149 
2619;5603;862;0;2264;2457 
2626;5601;862;0;2263;2457 
2729;5599;852;0;2263;2457 
2576;5597;852;0;2262;2457 
2605;5595;839;0;2262;2457 
2488;5594;839;0;2261;2457 
2625;5591;814;0;2261;2457 
2619;5590;814;0;2260;2835 
2630;5587;816;0;2259;2835 
2594;5586;816;0;2259;2835 
2467;5583;807;0;2258;2835 
2586;5582;807;0;2258;2835 
2663;5579;795;0;2258;2835 
2493;5578;795;0;2258;2835 
2530;5575;791;0;2257;2835 
2442;5574;791;0;2257;2835 
2582;5571;766;0;2256;3474 
2572;5569;766;0;2255;3474 
2539;5567;772;0;2255;3474 
2475;5565;772;0;2255;3474 
2439;5563;764;0;2254;3474 
2503;5561;764;0;2254;3474 
2508;5558;754;0;2254;3474 
2427;5557;754;0;2254;3474 
2391;5554;746;0;2254;3474 
2413;5552;733;0;2253;3474 
2524;5550;733;0;2253;3474 
2462;5548;735;0;2252;4681 
2503;5546;735;0;2252;4681 
2373;5543;731;0;2252;4681 
2446;5542;731;0;2251;4681 
2487;5539;723;0;2251;4681 
2393;5537;723;0;2251;4681 
2305;5534;719;0;2251;4681 
2355;5532;699;0;2250;4681 
2477;5530;699;0;2250;4681 
2323;5528;703;0;2250;4681 
2372;5526;703;0;2250;4681 
2213;5523;699;0;2250;4681 
2170;5521;699;0;2250;4681 
2265;5518;693;0;2250;4681 
2342;5516;693;0;2250;4681 
2128;5514;693;0;2250;4681 
2333;5511;675;0;2250;4681 
2295;5509;675;0;2249;4681 
2297;5507;681;0;2249;4681 
2288;5505;681;0;2249;4681 
2106;5502;678;0;2249;4681 
2291;5500;674;0;2249;4681 
2139;5498;674;0;2249;4681 
2200;5495;673;0;2249;4681 
2071;5493;673;0;2249;4681 
2341;5490;657;0;2249;4681 
2305;5488;662;0;2249;4681 
2331;5486;662;0;2249;4681 
2059;5483;659;0;2248;11081 
2067;5481;659;0;2248;11081 
2224;5478;655;0;2248;11081 
2331;5475;654;0;2248;11081 
2078;5473;654;0;2248;11081 
2299;5470;641;0;2248;11081 
2235;5468;643;0;2248;11081 
2341;5466;643;0;2248;11081 
2244;5463;647;0;2248;11081 
2200;5461;647;0;2248;11081 
2250;5458;637;0;2248;11081 
2320;5456;643;0;2248;11081 
2069;5454;643;0;2248;11081 
2269;5450;625;0;2248;11081 
2261;5448;627;0;2248;11081 
2298;5446;627;0;2248;11081 
2121;5443;632;0;2248;11081 
2194;5441;632;0;2248;11081 
2228;5438;627;0;2248;11081 
2232;5435;626;0;2248;11081 
2075;5433;626;0;2248;11081 
2274;5430;611;0;2248;11081 
2255;5428;618;0;2248;11081 
2313;5425;618;0;2248;11081 
2152;5422;615;0;2248;11081 
2271;5420;612;0;2248;11081 
2255;5418;612;0;2248;11081 
2189;5414;611;0;2248;11081 
2181;5412;600;0;2248;11081 
2295;5410;600;0;2248;11081 
2261;5407;602;0;2248;11081 
2265;5404;605;0;2248;11081 
2207;5402;605;0;2248;11081 
2212;5398;598;0;2248;11081 
2222;5396;599;0;2248;11081 
2095;5394;599;0;2248;11081 
2207;5390;583;0;2248;11081 
2147;5388;591;0;2248;11081 
2220;5386;591;0;2248;11081 
2141;5382;590;0;2248;11081 
2237;5380;587;0;2248;11081 
2142;5377;587;0;2248;11081 
2148;5374;587;0;2248;11081 
2167;5371;573;0;2248;11081 
2160;5369;573;0;2248;11081 
2187;5366;577;0;2248;11081 
2152;5363;580;0;2248;11081 
2160;5361;580;0;2248;11081 
2130;5358;574;0;2248;11081 
2179;5355;574;0;2248;11081 
2108;5352;562;0;2248;11081 
2241;5350;562;0;2248;11081 
2171;5346;567;0;2248;11081 
2171;5344;566;0;2248;11081 
2121;5341;566;0;2248;11081 
2116;5338;564;0;2248;11081 
2147;5335;564;0;2248;11081 
2061;5333;564;0;2248;11081 
2183;5330;551;0;2248;11081 
2131;5326;558;0;2248;11081 
2125;5324;555;0;2248;11081 
2098;5321;555;0;2248;11081 
2110;5318;555;0;2248;11081 
2105;5315;555;0;2248;11081 
2027;5312;541;0;2248;11081 
2144;5310;541;0;2248;11081 
2087;5306;549;0;2248;11081 
2059;5303;547;0;2248;11081 
2053;5301;547;0;2248;11081 
2017;5298;545;0;2248;11081 
2014;5294;545;0;2248;11081 
2017;5292;533;0;2248;11081 
2027;5289;533;0;2248;11081 
2065;5286;539;0;2248;11081 
1978;5283;539;0;2248;11081 
2127;5280;535;0;2248;11081 
2019;5277;535;0;2248;11081 
1989;5274;537;0;2248;11081 
2039;5271;525;0;2248;11081 
2003;5268;531;0;2248;11081 
1993;5265;531;0;2248;11081 
1988;5262;530;0;2248;11081 
2044;5259;528;0;2248;11081 
2038;5256;529;0;2248;11081 
1887;5253;529;0;2248;11081 
2047;5250;516;0;2248;11081 
1989;5246;526;0;2248;11081 
1979;5243;523;0;2248;11081 
2003;5241;523;0;2248;11081 
1961;5238;521;0;2248;11081 
1927;5234;522;0;2248;11081 
1948;5231;512;0;2248;11081 
1957;5228;514;0;2248;11081 
1966;5226;514;0;2248;11081 
1922;5222;521;0;2248;11081 
2031;5219;516;0;2248;11081 
2044;5216;517;0;2248;11081 
1866;5213;517;0;2248;11081 
2040;5210;505;0;2248;11081 
1969;5206;514;0;2248;11081 
1920;5203;512;0;2248;11081 
1999;5200;510;0;2248;11081 
1957;5197;510;0;2248;11081 
1923;5194;512;0;2248;11081 
1951;5191;499;0;2248;11081 
1893;5188;509;0;2248;11081 
1903;5185;509;0;2248;11081 
1919;5182;508;0;2248;11081 
1944;5178;506;0;2248;11081 
1929;5175;507;0;2248;11081 
1892;5172;497;0;2248;11081 
1903;5169;497;0;2248;11081 
1921;5166;502;0;2248;11081 
1858;5162;503;0;2248;11081 
1951;5159;500;0;2248;11081 
1936;5156;502;0;2248;11081 
1818;5153;502;0;2248;11081 
1938;5150;492;0;2248;11081 
1895;5146;496;0;2248;11081 
1862;5143;500;0;2248;11081 
1971;5140;497;0;2248;11081 
1859;5137;497;0;2248;11081 
1833;5134;498;0;2248;11081 
1904;5130;489;0;2248;11081 
1863;5127;495;0;2248;11081 
1925;5124;496;0;2248;11081 
1888;5121;496;0;2248;11081 
1879;5118;495;0;2248;11081 
1878;5114;496;0;2248;11081 
1909;5111;487;0;2248;11081 
1856;5108;494;0;2248;11081 
1870;5105;494;0;2248;11081 
1862;5102;494;0;2248;11081 
1892;5098;493;0;2248;11081 
1890;5095;495;0;2248;11081 
1891;5091;486;0;2248;11081 
1859;5089;486;0;2248;11081 
1891;5086;492;0;2248;11081 
1868;5082;492;0;2248;11081 
1905;5078;491;0;2248;11081 
1910;5075;492;0;2248;11081 
1830;5072;483;0;2248;11081 
1864;5069;483;0;2248;11081 
1879;5066;489;0;2248;11081 
1809;5062;489;0;2248;11081 
1892;5059;487;0;2248;11081 
1915;5056;489;0;2248;11081 
1773;5053;489;0;2248;11081 
1867;5050;479;0;2248;11081 
1874;5046;485;0;2248;11081 
1774;5042;486;0;2248;11081 
1900;5039;483;0;2248;11081 
1918;5036;483;0;2248;11081 
1755;5033;483;0;2248;11081 
1852;5030;476;0;2248;11081 
1833;5026;481;0;2248;11081 
1745;5022;480;0;2248;11081 
1879;5019;479;0;2248;11081 
1889;5016;480;0;2248;11081 
1743;5013;480;0;2248;11081 
1865;5010;471;0;2248;11081 
1857;5006;475;0;2248;11081 
1746;5002;477;0;2248;11081 
1881;4999;474;0;2248;11081 
1873;4996;476;0;2248;11081 
1713;4993;476;0;2248;11081 
1809;4989;466;0;2248;11081 
1811;4986;471;0;2248;11081 
1725;4982;474;0;2248;11081 
1853;4979;470;0;2248;11081 
1843;4975;473;0;2248;11081 
1732;4972;463;0;2248;11081 
1778;4969;463;0;2248;11081 
1812;4966;469;0;2248;11081 
1778;4962;470;0;2248;11081 
1824;4958;467;0;2248;11081 
1815;4955;471;0;2248;11081 
1763;4952;460;0;2248;11081 
1769;4949;460;0;2248;11081 
1787;4945;467;0;2248;11081 
1767;4942;468;0;2248;11081 
1828;4938;466;0;2248;11081 
1817;4934;469;0;2248;11081 
1801;4931;459;0;2248;11081 
1762;4928;464;0;2248;11081 
1773;4925;464;0;2248;11081 
1734;4921;467;0;2248;11081 
1757;4918;465;0;2248;11081 
1772;4914;467;0;2248;11081 
1771;4910;456;0;2248;11081 
1776;4907;467;0;2248;11081 
1837;4904;465;0;2248;11081 
1770;4901;465;0;2248;11081 
1745;4897;465;0;2248;11081 
1699;4894;466;0;2248;11081 
1796;4890;458;0;2248;11081 
1773;4886;463;0;2248;11081 
1716;4883;465;0;2248;11081 
1819;4880;463;0;2248;11081 
1794;4877;463;0;2248;11081 
1674;4873;465;0;2248;11081 
1819;4870;457;0;2248;11081 
1823;4866;460;0;2248;11081 
1683;4862;465;0;2248;11081 
1808;4859;462;0;2248;11081 
1804;4855;463;0;2248;11081 
1682;4852;455;0;2248;11081 
1779;4849;455;0;2248;11081 
1798;4846;458;0;2248;11081 
1753;4842;463;0;2248;11081 
1787;4838;459;0;2248;11081 
1808;4835;462;0;2248;11081 
1732;4831;450;0;2248;11081 
1714;4828;460;0;2248;11081 
1762;4825;460;0;2248;11081 
1741;4821;457;0;2248;11081 
1767;4818;460;0;2248;11081 
1755;4814;461;0;2248;11081 
1757;4810;451;0;2248;11081 
1743;4807;458;0;2248;11081 
1766;4803;459;0;2248;11081 
1782;4800;458;0;2248;11081 
1751;4797;458;0;2248;11081 
1647;4793;460;0;2248;11081 
1773;4790;451;0;2248;11081 
1778;4786;457;0;2248;11081 
1651;4782;458;0;2248;11081 
1779;4779;457;0;2248;11081 
1760;4775;459;0;2248;11081 
1673;4772;450;0;2248;11081 
1696;4769;450;0;2248;11081 
1767;4766;455;0;2248;11081 
1696;4762;457;0;2248;11081 
1736;4758;455;0;2248;11081 
1756;4754;458;0;2248;11081 
1764;4751;448;0;2248;11081 
1720;4747;455;0;2248;11081 
1806;4744;455;0;2248;11081 
1738;4741;455;0;2248;11081 
1742;4737;454;0;2248;11081 
1704;4734;456;0;2248;11081 
1779;4730;447;0;2248;11081 
1760;4726;453;0;2248;11081 
1679;4723;454;0;2248;11081 
1809;4719;453;0;2248;11081 
1788;4716;455;0;2248;11081 
1696;4713;455;0;2248;11081 
1749;4709;446;0;2248;11081 
1773;4706;451;0;2248;11081 
1715;4702;453;0;2248;11081 
1779;4698;450;0;2248;11081 
1782;4694;453;0;2248;11081 
1766;4691;443;0;2248;11081 
1750;4687;449;0;2248;11081 
1809;4684;450;0;2248;11081 
1748;4681;450;0;2248;11081 
1739;4677;447;0;2248;11081 
1669;4674;450;0;2248;11081 
1746;4670;441;0;2248;11081 
1741;4666;445;0;2248;11081 
1642;4662;444;0;2248;11081 
1768;4659;448;0;2248;11081 
1750;4655;447;0;2248;11081 
1686;4652;437;0;2248;11081 
1696;4648;444;0;2248;11081 
1740;4645;444;0;2248;11081 
1700;4641;444;0;2248;11081 
1724;4638;443;0;2248;11081 
1707;4634;445;0;2248;11081 
1723;4630;437;0;2248;11081 
1710;4626;442;0;2248;11081 
1649;4623;443;0;2248;11081 
1758;4619;440;0;2248;11081 
1731;4616;447;0;2248;11081 
1664;4612;435;0;2248;11081 
1725;4609;435;0;2248;11081 
1741;4605;442;0;2248;11081 
1681;4602;443;0;2248;65535 
1734;4598;441;0;2248;65535 
1713;4594;441;0;2248;65535 
1709;4590;438;0;2248;65535 
1694;4587;439;0;2248;65535 
1655;4583;445;0;2248;65535 
1750;4580;441;0;2248;65535 
1710;4576;444;0;2248;65535 
1601;4573;444;0;2248;65535 
1716;4569;436;0;2248;65535 
1693;4566;441;0;2248;65535 
1629;4562;442;0;2248;65535 
1688;4558;442;0;2248;65535 
1734;4554;444;0;2248;65535 
1721;4551;435;0;2248;65535 
1648;4547;441;0;2248;65535 
1672;4544;442;0;2248;65535 
1692;4540;441;0;2248;65535 
1624;4537;441;0;2248;65535 
1593;4533;443;0;2248;65535 
1701;4530;435;0;2248;65535 
1691;4526;440;0;2248;65535 
1631;4522;439;0;2248;65535 
1655;4518;441;0;2248;65535 
1662;4514;442;0;2248;65535 
1642;4511;434;0;2248;65535 
1600;4507;439;0;2248;65535 
1665;4504;439;0;2248;65535 
1661;4500;439;0;2248;65535 
1622;4497;439;0;2248;65535 
1555;4493;440;0;2248;65535 
1707;4490;431;0;2248;65535 
1714;4486;440;0;2248;65535 
1613;4482;436;0;2248;65535 
1672;4478;440;0;2248;65535 
1682;4474;440;0;2248;65535 
1670;4471;431;0;2248;65535 
1645;4467;438;0;2248;65535 
1651;4464;438;0;2248;65535 
1663;4460;437;0;2248;65535 
1631;4457;437;0;2248;65535 
1597;4453;439;0;2248;65535 
1736;4449;431;0;2248;65535 
1713;4446;437;0;2248;65535 
1623;4442;437;0;2248;65535 
1693;4438;436;0;2248;65535 
1713;4434;439;0;2248;65535 
1707;4431;430;0;2248;65535 
1664;4427;436;0;2248;65535 
1661;4423;437;0;2248;65535 
1703;4420;436;0;2248;65535 
1653;4416;435;0;2248;65535 
1619;4413;435;0;2248;65535 
1714;4409;433;0;2248;65535 
1703;4406;436;0;2248;65535 
1646;4402;436;0;2248;65535 
1670;4398;435;0;2248;65535 
1684;4394;437;0;2248;65535 
1673;4390;429;0;2248;65535 
1662;4387;435;0;2248;65535 
1615;4383;436;0;2248;65535 
1690;4379;434;0;2248;65535 
1684;4376;435;0;2248;65535 
1620;4372;429;0;2248;65535 
1667;4369;429;0;2248;65535 
1672;4365;434;0;2248;65535 
1614;4362;434;0;2248;65535 
1661;4358;430;0;2248;65535 
1641;4354;439;0;2248;65535 
1681;4350;427;0;2248;65535 
1656;4346;433;0;2248;65535 
1567;4343;433;0;2248;65535 
1698;4339;432;0;2248;65535 
1685;4335;435;0;2248;65535 
1637;4332;426;0;2248;65535 
1651;4328;432;0;2248;65535 
1647;4325;432;0;2248;65535 
1603;4321;433;0;2248;65535 
1597;4317;430;0;2248;65535 
1579;4314;435;0;2248;65535 
1685;4310;425;0;2248;65535 
1661;4306;432;0;2248;65535 
1582;4302;432;0;2248;65535 
1641;4298;431;0;2248;65535 
1623;4295;433;0;2248;65535 
1639;4291;426;0;2248;65535 
1606;4287;430;0;2248;65535 
1598;4284;433;0;2248;65535 
1627;4280;431;0;2248;65535 
1628;4277;431;0;2248;65535 
1553;4273;433;0;2248;65535 
1665;4269;426;0;2248;65535 
1643;4266;431;0;2248;65535 
1568;4262;433;0;2248;65535 
1632;4258;429;0;2248;65535 
1618;4254;436;0;2248;65535 
1611;4250;426;0;2248;65535 
1586;4247;432;0;2248;65535 
1518;4243;432;0;2248;65535 
1612;4239;431;0;2248;65535 
1616;4236;431;0;2248;65535 
1590;4232;428;0;2248;65535 
1576;4228;432;0;2248;65535 
1599;4225;432;0;2248;65535 
1564;4221;431;0;2248;65535 
1562;4218;430;0;2248;65535 
1503;4214;433;0;2248;65535 
1639;4210;424;0;2248;65535 
1635;4206;429;0;2248;65535 
1502;4202;430;0;2248;65535 
1588;4198;428;0;2248;65535 
1618;4195;431;0;2248;65535 
1614;4191;422;0;2248;65535 
1612;4187;428;0;2248;65535 
1633;4184;428;0;2248;65535 
1600;4180;427;0;2248;65535 
1557;4176;430;0;2248;65535 
1534;4173;430;0;2248;65535 
1632;4169;421;0;2248;65535 
1647;4165;427;0;2248;65535 
1562;4162;424;0;2248;65535 
1618;4158;428;0;2248;65535 
1604;4154;428;0;2248;65535 
1634;4150;423;0;2248;65535 
1580;4146;427;0;2248;65535 
1492;4142;428;0;2248;65535 
1615;4139;427;0;2248;65535 
1619;4135;429;0;2248;65535 
1595;4131;421;0;2248;65535 
1576;4128;427;0;2248;65535 
1603;4124;429;0;2248;65535 
1578;4120;427;0;2248;65535 
1591;4117;427;0;2248;65535 
1501;4113;430;0;2248;65535 
1623;4109;422;0;2248;65535 
1625;4106;425;0;2248;65535 
1539;4102;432;0;2248;65535 
1608;4098;428;0;2248;65535 
1604;4094;430;0;2248;65535 
1614;4090;422;0;2248;65535 
1590;4086;428;0;2248;65535 
1499;4083;428;0;2248;65535 
1650;4079;427;0;2248;65535 
1645;4075;428;0;2248;65535 
1572;4072;425;0;2248;65535 
1555;4068;427;0;2248;65535 
1569;4065;427;0;2248;65535 
1576;4061;428;0;2248;65535 
1569;4057;427;0;2248;65535 
1487;4053;429;0;2248;65535 
1583;4050;421;0;2248;65535 
1594;4046;426;0;2248;65535 
1551;4042;428;0;2248;65535 
1595;4038;426;0;2248;65535 
1585;4034;428;0;2248;65535 
1615;4030;420;0;2248;65535 
1544;4027;425;0;2248;65535 
1514;4023;427;0;2248;65535 
1611;4019;424;0;2248;65535 
1592;4016;427;0;2248;65535 
1501;4012;419;0;2248;65535 
1568;4008;425;0;2248;65535 
1590;4005;425;0;2248;65535 
1544;4001;425;0;2248;65535 
1557;3997;423;0;2248;65535 
1441;3993;426;0;2248;65535 
1599;3990;418;0;2248;65535 
1591;3986;424;0;2248;65535 
1538;3982;424;0;2248;65535 
1583;3978;423;0;2248;65535 
1573;3974;422;0;2248;65535 
1572;3970;420;0;2248;65535 
1552;3967;422;0;2248;65535 
1478;3963;422;0;2248;65535 
1596;3959;424;0;2248;65535 
1559;3955;424;0;2248;65535 
1549;3951;415;0;2248;65535 
1583;3948;423;0;2248;65535 
1570;3944;422;0;2248;65535 
1572;3940;419;0;2248;65535 
1541;3937;419;0;2248;65535 
1432;3933;426;0;2248;65535 
1554;3929;416;0;2248;65535 
1573;3926;421;0;2248;65535 
1496;3922;422;0;2248;65535 
1573;3918;421;0;2248;65535 
1519;3914;424;0;2248;65535 
1574;3910;415;0;2248;65535 
1565;3906;422;0;2248;65535 
1492;3902;421;0;2248;65535 
1583;3898;421;0;2248;65535 
1601;3895;423;0;2248;65535 
1590;3891;415;0;2248;65535 
1543;3887;420;0;2248;65535 
1553;3883;422;0;2248;65535 
1594;3880;420;0;2248;65535 
1610;3876;422;0;2248;65535 
1501;3872;415;0;2248;65535 
1577;3869;415;0;2248;65535 
1585;3865;421;0;2248;65535 
1520;3861;421;0;2248;65535 
1528;3857;422;0;2248;65535 
1451;3854;423;0;2248;65535 
1630;3850;416;0;2248;65535 
1616;3846;422;0;2248;65535 
1521;3842;423;0;2248;65535 
1571;3838;421;0;2248;65535 
1544;3834;427;0;2248;65535 
1578;3830;417;0;2248;65535 
1583;3827;424;0;2248;65535 
1469;3823;423;0;2248;65535 
1571;3819;426;0;2248;65535 
1550;3815;427;0;2248;65535 
1554;3812;419;0;2248;65535 
1548;3808;425;0;2248;65535 
1540;3804;426;0;2248;65535 
1521;3801;426;0;2248;65535 
1533;3797;424;0;2248;65535 
1461;3793;428;0;2248;65535 
1599;3790;421;0;2248;65535 
1590;3786;426;0;2248;65535 
1504;3782;428;0;2248;65535 
1579;3778;426;0;2248;65535 
1597;3774;429;0;2248;65535 
1599;3770;418;0;2248;65535 
1553;3767;428;0;2248;65535 
1534;3763;428;0;2248;65535 
1632;3759;427;0;2248;65535 
1631;3755;428;0;2248;65535 
1565;3752;421;0;2248;65535 
1529;3748;426;0;2248;65535 
1553;3745;426;0;2248;65535 
1525;3741;427;0;2248;65535 
1553;3737;426;0;2248;65535 
1460;3734;428;0;2248;65535 
1597;3730;419;0;2248;65535 
1626;3726;425;0;2248;65535 
1568;3722;426;0;2248;65535 
1574;3718;425;0;2248;65535 
1583;3714;426;0;2248;65535 
1595;3710;418;0;2248;65535 
1587;3707;424;0;2248;65535 
1515;3703;425;0;2248;65535 
1602;3699;423;0;2248;65535 
1601;3695;425;0;2248;65535 
1532;3692;417;0;2248;65535 
1563;3688;423;0;2248;65535 
1557;3684;423;0;2248;65535 
1511;3681;423;0;2248;65535 
1525;3677;422;0;2248;65535 
1489;3673;425;0;2248;65535 
1621;3670;416;0;2248;65535 
1618;3666;422;0;2248;65535 
1565;3662;423;0;2248;65535 
1603;3658;422;0;2248;65535 
1555;3654;424;0;2248;65535 
1586;3650;416;0;2248;65535 
1586;3646;421;0;2248;65535 
1524;3642;422;0;2248;65535 
1627;3639;423;0;2248;65535 
1619;3635;423;0;2248;65535 
1608;3631;416;0;2248;65535 
1587;3627;422;0;2248;65535 
1619;3624;422;0;2248;65535 
1609;3620;421;0;2248;65535 
1598;3616;424;0;2248;65535 
1538;3613;424;0;2248;65535 
1598;3609;415;0;2248;65535 
1598;3605;422;0;2248;65535 
1547;3601;422;0;2248;65535 
1580;3598;421;0;2248;65535 
1529;3594;423;0;2248;65535 
1651;3590;415;0;2248;65535 
1652;3586;420;0;2248;65535 
1529;3582;423;0;2248;65535 
1604;3578;420;0;2248;65535 
1617;3574;421;0;2248;65535 
1618;3571;417;0;2248;65535 
1618;3567;418;0;2248;65535 
1546;3563;423;0;2248;65535 
1604;3559;420;0;2248;65535 
1595;3555;421;0;2248;65535 
1573;3552;416;0;2248;65535 
1590;3548;419;0;2248;65535 
1588;3544;422;0;2248;65535 
1552;3541;422;0;2248;65535 
1558;3537;420;0;2248;65535 
1519;3533;422;0;2248;65535 
1645;3529;415;0;2248;65535 
1632;3526;420;0;2248;65535 
1556;3522;423;0;2248;65535 
1574;3518;421;0;2248;65535 
1595;3514;424;0;2248;65535 
1619;3510;416;0;2248;65535 
1600;3506;422;0;2248;65535 
1524;3502;421;0;2248;65535 
1625;3499;424;0;2248;65535 
1657;3495;425;0;2248;65535 
1630;3491;415;0;2248;65535 
1576;3487;423;0;2248;65535 
1568;3484;423;0;2248;65535 
1581;3480;422;0;2248;65535 
1589;3476;423;0;2248;65535 
1541;3473;423;0;2248;65535 
1569;3469;418;0;2248;65535 
1558;3465;421;0;2248;65535 
1511;3461;422;0;2248;65535 
1528;3458;422;0;2248;65535 
1512;3454;423;0;2248;65535 
1628;3450;415;0;2248;65535 
1620;3446;421;0;2248;65535 
1540;3442;420;0;2248;65535 
1602;3438;422;0;2248;65535 
1642;3434;423;0;2248;65535 
1618;3430;414;0;2248;65535 
1561;3427;419;0;2248;65535 
1529;3423;421;0;2248;65535 
1590;3419;419;0;2248;65535 
1534;3415;421;0;2248;65535 
1563;3412;413;0;2248;65535 
1548;3408;418;0;2248;65535 
1575;3404;421;0;2248;65535 
1541;3401;421;0;2248;65535 
1567;3397;418;0;2248;65535 
1511;3393;421;0;2248;65535 
1591;3389;411;0;2248;65535 
1582;3385;419;0;2248;65535 
1507;3382;417;0;2248;65535 
1547;3378;419;0;2248;65535 
1552;3374;420;0;2248;65535 
1631;3370;411;0;2248;65535 
1630;3366;416;0;2248;65535 
1548;3362;418;0;2248;65535 
1568;3358;416;0;2248;65535 
1586;3354;418;0;2248;65535 
1590;3350;410;0;2248;65535 
1559;3347;415;0;2248;65535 
1477;3343;414;0;2248;65535 
1582;3339;417;0;2248;65535 
1588;3335;418;0;2248;65535 
1581;3331;408;0;2248;65535 
1477;3327;416;0;2248;65535 
1517;3324;416;0;2248;65535 
1574;3320;414;0;2248;65535 
1611;3316;418;0;2248;65535 
1527;3312;409;0;2248;65535 
1572;3309;409;0;2248;65535 
1577;3305;413;0;2248;65535 
1526;3301;419;0;2248;65535 
1520;3297;415;0;2248;65535 
1516;3293;418;0;2248;65535 
1636;3290;410;0;2248;65535 
1590;3286;416;0;2248;65535 
1509;3282;417;0;2248;65535 
1554;3278;416;0;2248;65535 
1575;3274;418;0;2248;65535 
1616;3270;411;0;2248;65535 
1606;3266;416;0;2248;65535 
1490;3262;418;0;2248;65535 
1585;3258;417;0;2248;65535 
1591;3254;419;0;2248;65535 
1609;3251;411;0;2248;65535 
1545;3247;415;0;2248;65535 
1486;3243;419;0;2248;65535 
1609;3239;416;0;2248;65535 
1622;3235;420;0;2248;65535 
1574;3232;411;0;2248;65535 
1561;3228;417;0;2248;65535 
1566;3224;417;0;2248;65535 
1528;3220;414;0;2248;65535 
1572;3217;414;0;2248;65535 
1530;3213;422;0;2248;65535 
1618;3209;411;0;2248;65535 
1610;3205;416;0;2248;65535 
1532;3202;417;0;2248;65535 
1571;3198;417;0;2248;65535 
1523;3194;418;0;2248;65535 
1609;3190;411;0;2248;65535 
1605;3186;416;0;2248;65535 
1530;3182;417;0;2248;65535 
1585;3178;415;0;2248;65535 
1610;3174;419;0;2248;65535 
1637;3170;409;0;2248;65535 
1556;3166;415;0;2248;65535 
1470;3163;416;0;2248;65535 
1614;3159;415;0;2248;65535 
1639;3155;418;0;2248;65535 
1594;3151;409;0;2248;65535 
1550;3147;414;0;2248;65535 
1528;3143;416;0;2248;65535 
1533;3140;415;0;2248;65535 
1611;3136;416;0;2248;65535 
1572;3132;407;0;2248;65535 
1573;3128;418;0;2248;65535 
1578;3125;418;0;2248;65535 
1533;3121;416;0;2248;65535 
1457;3117;414;0;2248;65535 
1498;3113;417;0;2248;65535 
1620;3109;409;0;2248;65535 
1631;3106;412;0;2248;65535 
1559;3102;418;0;2248;65535 
1576;3098;414;0;2248;65535 
1546;3094;416;0;2248;65535 
1616;3090;408;0;2248;65535 
1594;3086;413;0;2248;65535 
1515;3082;414;0;2248;65535 
1563;3078;411;0;2248;65535 
1559;3074;417;0;2248;65535 
1580;3070;407;0;2248;65535 
1571;3066;413;0;2248;65535 
1493;3062;413;0;2248;65535 
1603;3059;413;0;2248;65535 
1561;3055;414;0;2248;65535 
1567;3051;407;0;2248;65535 
1535;3047;412;0;2248;65535 
1526;3043;413;0;2248;65535 
1585;3039;412;0;2248;65535 
1548;3035;414;0;2248;65535 
1542;3032;407;0;2248;65535 
1560;3028;412;0;2248;65535 
1558;3024;413;0;2248;65535 
1523;3020;413;0;2248;65535 
1498;3017;413;0;2248;65535 
1461;3013;415;0;2248;65535 
1573;3009;407;0;2248;65535 
1579;3005;413;0;2248;65535 
1532;3001;414;0;2248;65535 
1540;2997;414;0;2248;65535 
1497;2994;416;0;2248;65535 
1631;2990;408;0;2248;65535 
1618;2986;414;0;2248;65535 
1560;2982;416;0;2248;65535 
1586;2978;414;0;2248;65535 
1595;2974;416;0;2248;65535 
1616;2970;409;0;2248;65535 
1595;2966;414;0;2248;65535 
1517;2962;415;0;2248;65535 
1577;2958;414;0;2248;65535 
1561;2954;417;0;2248;65535 
1561;2951;408;0;2248;65535 
1545;2947;413;0;2248;65535 
1526;2943;415;0;2248;65535 
1606;2939;413;0;2248;65535 
1610;2935;415;0;2248;65535 
1569;2931;407;0;2248;65535 
1523;2928;412;0;2248;65535 
1534;2924;413;0;2248;65535 
1524;2920;411;0;2248;65535 
1535;2916;414;0;2248;65535 
1512;2912;405;0;2248;65535 
1565;2909;405;0;2248;65535 
1557;2905;411;0;2248;65535 
1492;2901;411;0;2248;65535 
1490;2897;410;0;2248;65535 
1445;2893;413;0;2248;65535 
1548;2889;404;0;2248;65535 
1518;2885;409;0;2248;65535 
1464;2881;410;0;2248;65535 
1499;2878;409;0;2248;65535 
1454;2874;411;0;2248;65535 
1548;2870;403;0;2248;65535 
1520;2866;409;0;2248;65535 
1430;2862;410;0;2248;65535 
1477;2858;408;0;2248;65535 
1472;2854;412;0;2248;65535 
1566;2850;403;0;2248;65535 
1586;2846;408;0;2248;65535 
1501;2842;407;0;2248;65535 
1559;2838;412;0;2248;65535 
1551;2834;412;0;2248;65535 
1545;2830;403;0;2248;65535 
1523;2826;410;0;2248;65535 
1453;2822;410;0;2248;65535 
1505;2818;410;0;2248;65535 
1496;2815;412;0;2248;65535 
1526;2811;405;0;2248;65535 
1512;2807;410;0;2248;65535 
1375;2803;411;0;2248;65535 
1525;2799;409;0;2248;65535 
1547;2795;415;0;2248;65535 
1526;2791;405;0;2248;65535 
1530;2787;410;0;2248;65535 
1535;2784;411;0;2248;65535 
1539;2780;409;0;2248;65535 
1542;2776;412;0;2248;65535 
1487;2772;404;0;2248;65535 
1514;2768;409;0;2248;65535 
1558;2765;409;0;2248;65535 
1494;2761;410;0;2248;65535 
1485;2757;408;0;2248;65535 
1471;2753;410;0;2248;65535 
1542;2749;403;0;2248;65535 
1538;2745;407;0;2248;65535 
1464;2741;409;0;2248;65535 
1482;2737;406;0;2248;65535 
1444;2733;410;0;2248;65535 
1528;2729;401;0;2248;65535 
1527;2726;406;0;2248;65535 
1443;2722;408;0;2248;65535 
1474;2718;407;0;2248;65535 
1454;2714;409;0;2248;65535 
1563;2710;401;0;2248;65535 
1527;2706;404;0;2248;65535 
1450;2702;407;0;2248;65535 
1469;2698;408;0;2248;65535 
1432;2694;408;0;2248;65535 
1503;2690;404;0;2248;65535 
1532;2686;407;0;2248;65535 
1440;2682;408;0;2248;65535 
1515;2678;407;0;2248;65535 
1496;2674;410;0;2248;65535 
1501;2670;402;0;2248;65535 
1501;2666;407;0;2248;65535 
1414;2662;408;0;2248;65535 
1514;2658;407;0;2248;65535 
1483;2654;409;0;2248;65535 
1490;2650;402;0;2248;65535 
1484;2647;407;0;2248;65535 
1398;2643;407;0;2248;65535 
1486;2639;407;0;2248;65535 
1440;2635;408;0;2248;65535 
1429;2631;400;0;2248;65535 
1430;2627;407;0;2248;65535 
1388;2623;407;0;2248;65535 
1455;2619;406;0;2248;65535 
1454;2615;408;0;2248;65535 
1461;2611;400;0;2248;65535 
1472;2607;405;0;2248;65535 
1444;2603;406;0;2248;65535 
1467;2600;405;0;2248;65535 
1453;2596;404;0;2248;65535 
1405;2592;402;0;2248;65535 
1455;2588;404;0;2248;65535 
1452;2584;405;0;2248;65535 
1473;2580;404;0;2248;65535 
1504;2576;407;0;2248;65535 
1484;2572;399;0;2248;65535 
1513;2568;404;0;2248;65535 
1494;2564;404;0;2248;65535 
1485;2560;405;0;2248;65535 
1464;2557;405;0;2248;65535 
1447;2553;406;0;2248;65535 
1505;2549;399;0;2248;65535 
1514;2545;404;0;2248;65535 
1466;2541;405;0;2248;65535 
1446;2537;405;0;2248;65535 
1441;2533;407;0;2248;65535 
1531;2529;399;0;2248;65535 
1533;2525;405;0;2248;65535 
1453;2521;406;0;2248;65535 
1470;2517;406;0;2248;65535 
1443;2513;408;0;2248;65535 
1544;2509;400;0;2248;65535 
1534;2506;407;0;2248;65535 
1450;2502;407;0;2248;65535 
1486;2498;407;0;2248;65535 
1442;2494;409;0;2248;65535 
1565;2490;401;0;2248;65535 
1540;2486;407;0;2248;65535 
1466;2482;408;0;2248;65535 
1507;2478;407;0;2248;65535 
1484;2474;408;0;2248;65535 
1542;2470;404;0;2248;65535 
1533;2466;407;0;2248;65535 
1444;2462;408;0;2248;65535 
1506;2458;408;0;2248;65535 
1518;2454;409;0;2248;65535 
1533;2450;402;0;2248;65535 
0;0;0;0;2248;65535 
0;0;0;0;2248;65535 
Tapez  1 pour afficher les mesures, 2 pour acquisition avant, 3 pour acquisition arriere: 
