Mesures en accel/decel 
Acc_I;Acc_Pos;Acc_Vit;Dec_I;Dec_Pos;Dec_Vit 
52;0;65535;1079;5124;357 
2690;0;65535;294;5128;358 
3616;0;65535;50;5133;359 
4077;0;65535;0;5137;371 
4095;1;65535;0;5141;376 
4095;1;65535;0;5145;381 
4095;1;65535;0;5149;387 
4095;1;65535;0;5153;397 
3814;2;65535;0;5157;402 
3830;2;65535;0;5161;405 
3970;2;65535;0;5165;412 
4035;3;65535;0;5169;419 
4021;3;65535;0;5172;419 
3911;3;65535;0;5176;430 
3779;4;65535;0;5180;436 
3712;4;65535;0;5184;440 
3853;4;65535;0;5187;449 
3799;4;65535;0;5191;456 
3728;5;5542;0;5194;470 
3579;5;5542;0;5197;476 
3483;5;5542;0;5200;476 
3204;6;5542;0;5204;483 
3351;7;5542;0;5207;492 
3563;7;5542;0;5210;501 
3435;8;5542;0;5213;517 
3577;8;5542;0;5216;517 
3710;8;5542;0;5220;526 
3711;9;3454;0;5222;534 
3423;10;3454;0;5225;545 
3486;10;3454;0;5228;545 
3541;11;3454;0;5231;557 
3489;12;3454;0;5233;576 
3575;12;3454;0;5236;576 
3676;13;2566;0;5239;586 
3585;13;2566;0;5241;597 
3370;14;2566;0;5244;597 
3233;15;2566;0;5247;612 
3238;16;2566;0;5249;627 
3507;16;2566;0;5252;627 
3373;17;2206;0;5254;650 
3424;18;2206;0;5256;650 
3601;19;2206;0;5259;665 
3308;20;2206;0;5261;680 
3482;20;2206;0;5264;680 
3635;21;2012;0;5266;698 
3503;22;2012;0;5268;698 
3561;23;2012;0;5270;719 
3401;24;2012;0;5272;719 
3454;24;2012;0;5274;749 
3281;26;1834;0;5276;749 
3187;27;1834;0;5279;769 
3171;28;1834;0;5280;769 
3363;28;1834;0;5282;789 
3225;29;1663;0;5284;789 
3269;31;1663;0;5286;817 
3272;32;1663;0;5288;817 
3398;32;1663;0;5290;844 
3317;34;1553;0;5292;844 
3127;35;1553;0;5293;885 
3088;36;1553;0;5296;885 
3232;37;1462;0;5297;914 
3221;38;1462;0;5299;914 
3285;40;1462;0;5300;914 
3254;40;1462;0;5302;944 
3338;41;1411;0;5304;944 
3395;43;1411;0;5305;987 
3231;44;1411;0;5307;987 
3197;45;1358;0;5308;987 
2987;46;1358;0;5310;1028 
2997;48;1358;0;5312;1028 
3223;49;1300;0;5312;1028 
3063;50;1300;0;5314;1089 
3151;52;1300;0;5316;1089 
3201;52;1300;0;5317;1138 
3154;54;1254;0;5318;1138 
2962;56;1254;0;5320;1138 
3135;56;1254;0;5321;1188 
3059;58;1205;0;5322;1188 
3157;60;1205;0;5324;1188 
3185;60;1205;0;5324;1188 
3184;62;1170;0;5326;1259 
3209;64;1170;0;5327;1259 
3172;65;1142;0;5328;1259 
2959;66;1142;0;5329;1335 
2964;68;1142;0;5331;1335 
3127;69;1106;0;5332;1335 
3015;71;1106;0;5332;1335 
3029;72;1106;0;5334;1438 
3148;73;1088;0;5335;1438 
2968;75;1088;0;5336;1438 
3046;76;1088;0;5337;1537 
3004;78;1057;0;5338;1537 
2969;80;1057;0;5339;1537 
3157;81;1032;0;5340;1537 
3173;83;1032;0;5340;1537 
3135;84;1032;0;5341;1648 
2896;86;1011;0;5343;1648 
2861;88;1011;0;5344;1648 
3031;89;990;0;5344;1648 
2963;91;990;0;5345;1806 
3036;92;990;0;5346;1806 
3052;94;980;0;5347;1806 
2845;96;980;0;5348;1806 
2951;97;957;0;5348;1806 
3044;99;957;0;5349;1992 
3010;101;938;0;5350;1992 
3061;103;938;0;5351;1992 
3070;104;938;0;5352;1992 
2885;106;922;0;5352;1992 
2807;108;922;0;5352;1992 
2897;109;908;0;5353;2256 
2931;112;908;0;5354;2256 
3020;113;904;0;5355;2256 
2897;115;904;0;5355;2256 
2917;116;904;0;5356;2256 
2921;119;889;0;5356;2256 
2851;120;889;0;5357;2604 
2947;122;872;0;5357;2604 
2882;124;872;0;5358;2604 
2826;126;861;0;5359;2604 
2763;128;861;0;5359;2604 
2818;129;853;0;5360;2604 
2847;132;853;0;5360;2604 
2987;133;849;0;5360;2604 
2777;136;849;0;5361;3129 
2838;137;836;0;5361;3129 
2867;139;836;0;5362;3129 
2934;141;823;0;5362;3129 
3007;143;823;0;5363;3129 
2957;145;815;0;5363;3129 
2784;147;815;0;5364;3129 
2888;149;804;0;5364;3129 
2838;151;804;0;5364;3129 
2906;153;806;0;5364;3129 
2845;155;806;0;5364;3129 
2791;157;795;0;5365;4148 
2832;159;795;0;5365;4148 
2839;161;784;0;5365;4148 
2937;163;784;0;5366;4148 
2898;165;776;0;5366;4148 
2726;167;776;0;5367;4148 
2837;169;768;0;5367;4148 
2785;171;768;0;5367;4148 
2890;173;769;0;5367;4148 
2672;176;769;0;5368;4148 
2706;177;760;0;5368;4148 
2677;180;760;0;5368;4148 
2792;182;749;0;5368;4148 
2778;184;749;0;5368;4148 
2671;186;744;0;5368;4148 
2688;188;744;0;5368;4148 
2683;190;738;0;5368;4148 
2733;192;738;0;5369;7026 
2749;195;739;0;5369;7026 
2710;197;731;0;5369;7026 
2726;199;731;0;5369;7026 
2775;201;722;0;5369;7026 
2762;204;722;0;5369;7026 
2686;206;716;0;5369;7026 
2620;208;716;0;5369;7026 
2638;210;712;0;5369;7026 
2708;212;712;0;5369;7026 
2726;215;715;0;5369;7026 
2666;217;704;0;5369;7026 
2680;220;704;0;5369;7026 
2724;221;698;0;5369;7026 
2687;224;698;0;5369;7026 
2582;226;691;0;5369;7026 
2612;228;691;0;5369;7026 
2594;231;687;0;5369;7026 
2695;233;689;0;5369;7026 
2536;236;689;0;5369;7026 
2536;238;682;0;5369;7026 
2550;240;682;0;5369;7026 
2693;243;673;0;5369;7026 
2681;245;669;0;5369;7026 
2517;248;669;0;5369;7026 
2541;249;664;0;5369;7026 
2539;252;664;0;5369;7026 
2607;255;668;0;5369;7026 
2567;257;660;0;5369;7026 
2568;260;660;0;5369;7026 
2589;262;654;0;5369;7026 
2639;264;654;0;5369;7026 
2499;267;650;0;5369;7026 
2565;269;647;0;5369;7026 
2515;272;647;0;5369;7026 
2577;274;652;0;5369;7026 
2513;276;652;0;5369;7026 
2580;279;642;0;5369;7026 
2533;281;639;0;5369;7026 
2536;284;639;0;5369;7026 
2451;287;634;0;5369;7026 
2544;289;632;0;5369;7026 
2481;292;632;0;5369;7026 
2546;294;635;0;5369;7026 
2487;296;635;0;5369;7026 
2503;299;629;0;5369;7026 
2526;301;621;0;5369;7026 
2565;304;621;0;5369;7026 
2439;307;622;0;5369;7026 
2469;309;618;0;5369;7026 
2439;312;618;0;5369;7026 
2499;315;623;0;5369;7026 
2443;317;616;0;5369;7026 
2407;320;616;0;5369;7026 
2529;322;612;0;5369;7026 
2533;325;609;0;5369;7026 
2378;328;609;0;5369;7026 
2409;330;607;0;5369;7026 
2500;332;607;0;5369;7026 
2377;336;611;0;5369;7026 
2352;338;605;0;5369;7026 
2438;340;605;0;5369;7026 
2534;344;603;0;5369;7026 
2400;346;599;0;5369;7026 
2453;348;599;0;5369;7026 
2430;352;599;0;5369;7026 
2453;354;602;0;5369;7026 
2426;356;602;0;5369;7026 
2423;360;597;0;5369;7026 
2459;362;593;0;5369;7026 
2500;364;593;0;5369;7026 
2340;368;591;0;5369;7026 
2329;370;589;0;5369;7026 
2383;372;589;0;5369;7026 
2285;376;593;0;5369;7026 
2363;378;589;0;5369;7026 
2378;381;585;0;5369;7026 
2404;384;585;0;5369;7026 
2314;386;583;0;5369;7026 
2394;389;580;0;5369;7026 
2330;392;580;0;5369;7026 
2372;395;585;0;5369;7026 
2306;397;580;0;5369;7026 
2318;400;580;0;5369;7026 
2439;403;577;0;5369;7026 
2346;405;575;0;5369;7026 
2335;408;575;0;5369;7026 
2324;411;572;0;5369;7026 
2379;414;578;0;5369;7026 
2361;416;578;0;5369;7026 
2331;420;572;0;5369;7026 
2364;422;570;0;5369;7026 
2356;425;567;0;5369;7026 
2264;428;567;0;5369;7026 
2311;431;566;0;5369;7026 
2394;433;570;0;5369;7026 
2295;436;570;0;5369;7026 
2367;439;567;0;5369;7026 
2331;442;564;0;5369;7026 
2352;445;562;0;5369;7026 
2228;448;562;0;5369;7026 
2259;451;559;0;5369;7026 
2337;453;565;0;5369;7026 
2233;456;565;0;5369;7026 
2330;459;561;0;5369;7026 
2267;462;557;0;5369;7026 
2310;464;557;0;5369;7026 
2194;468;553;0;5369;7026 
2253;471;554;0;5369;7026 
2326;473;557;0;5369;7026 
2202;476;557;0;5369;7026 
2253;479;554;0;5369;7026 
2241;482;550;0;5369;7026 
2278;485;548;0;5369;7026 
2157;488;548;0;5369;7026 
2217;491;546;0;5369;7026 
2252;493;551;0;5369;7026 
2173;496;551;0;5369;7026 
2198;500;547;0;5369;7026 
2265;503;544;0;5369;7026 
2236;505;543;0;5369;7026 
2177;508;543;0;5369;7026 
2205;511;540;0;5369;7026 
2232;514;546;0;5369;7026 
2147;517;542;0;5369;7026 
2137;520;542;0;5369;7026 
2248;523;537;0;5369;7026 
2109;526;537;0;5369;7026 
2140;529;535;0;5369;7026 
2100;532;535;0;5369;7026 
2203;535;541;0;5369;7026 
2054;538;536;0;5369;7026 
2158;540;536;0;5369;7026 
2142;544;534;0;5369;7026 
2050;547;532;0;5369;7026 
2087;550;530;0;5369;7026 
2186;552;530;0;5369;7026 
2071;556;535;0;5369;7026 
2167;559;531;0;5369;7026 
2137;562;527;0;5369;7026 
2166;565;526;0;5369;7026 
2065;568;526;0;5369;7026 
2119;571;525;0;5369;7026 
2137;574;529;0;5369;7026 
2125;577;526;0;5369;7026 
2052;580;526;0;5369;7026 
2173;583;521;0;5369;7026 
2001;586;521;0;5369;7026 
2098;589;519;0;5369;7026 
2088;592;519;0;5369;7026 
2078;596;525;0;5369;7026 
2064;598;520;0;5369;7026 
2094;601;517;0;5369;7026 
2109;604;517;0;5369;7026 
2005;608;516;0;5369;7026 
2075;611;515;0;5369;7026 
2110;614;521;0;5369;7026 
2080;616;521;0;5369;7026 
2002;620;516;0;5369;7026 
2121;623;514;0;5369;7026 
2001;626;514;0;5369;7026 
2047;629;512;0;5369;7026 
2052;632;512;0;5369;7026 
2014;636;518;0;5369;7026 
2036;639;514;0;5369;7026 
2044;641;512;0;5369;7026 
2070;644;512;0;5369;7026 
1997;648;511;0;5369;7026 
2064;651;510;0;5369;7026 
2078;654;515;0;5369;7026 
2009;657;511;0;5369;7026 
1968;660;511;0;5369;7026 
2090;664;509;0;5369;7026 
2025;667;509;0;5369;7026 
2003;669;508;0;5369;7026 
2060;672;508;0;5369;7026 
1982;676;514;0;5369;7026 
1995;679;511;0;5369;7026 
2058;682;509;0;5369;7026 
2072;685;509;0;5369;7026 
2023;688;509;0;5369;7026 
1994;692;509;0;5369;7026 
2082;695;514;0;5369;7026 
1894;698;511;0;5369;7026 
2017;701;510;0;5369;7026 
2040;704;510;0;5369;7026 
1990;707;509;0;5369;7026 
1968;710;508;0;5369;7026 
2061;713;514;0;5369;7026 
1945;716;514;0;5369;7026 
1917;720;511;0;5369;7026 
2059;723;508;0;5369;7026 
1981;726;508;0;5369;7026 
1992;729;506;0;5369;7026 
1962;732;506;0;5369;7026 
1979;735;515;0;5369;7026 
1915;738;510;0;5369;7026 
2019;741;508;0;5369;7026 
2058;744;508;0;5369;7026 
1931;748;508;0;5369;7026 
2006;751;507;0;5369;7026 
2045;754;513;0;5369;7026 
1928;757;509;0;5369;7026 
1962;760;509;0;5369;7026 
2071;764;508;0;5369;7026 
1971;767;507;0;5369;7026 
1973;769;507;0;5369;7026 
2056;772;507;0;5369;7026 
1937;776;512;0;5369;7026 
2010;779;510;0;5369;7026 
2036;782;507;0;5369;7026 
2047;785;506;0;5369;7026 
1981;788;506;0;5369;7026 
1981;792;505;0;5369;7026 
2041;795;511;0;5369;7026 
1864;798;508;0;5369;7026 
2007;801;504;0;5369;7026 
2026;804;504;0;5369;7026 
1920;808;504;0;5369;7026 
1943;811;503;0;5369;7026 
2036;813;508;0;5369;7026 
1943;816;508;0;5369;7026 
1935;820;504;0;5369;7026 
2058;823;502;0;5369;7026 
1948;826;501;0;5369;7026 
1947;829;500;0;5369;7026 
2014;832;500;0;5369;7026 
1943;836;506;0;5369;7026 
1999;839;502;0;5369;7026 
2024;842;498;0;5369;7026 
2015;845;500;0;5369;7026 
1952;848;500;0;5369;7026 
1923;852;498;0;5369;7026 
1998;855;504;0;5369;7026 
1892;858;500;0;5369;7026 
2016;861;498;0;5369;7026 
1977;864;498;0;5369;7026 
1917;868;498;0;5369;7026 
1987;871;496;0;5369;7026 
2016;874;502;0;5369;7026 
1907;877;498;0;5369;7026 
1934;880;498;0;5369;7026 
2012;884;496;0;5369;7026 
1907;887;495;0;5369;7026 
1889;890;494;0;5369;7026 
1994;893;498;0;5369;7026 
1901;896;498;0;5369;7026 
1792;900;495;0;5369;7026 
1968;903;492;0;5369;7026 
1783;906;492;0;5369;7026 
1803;909;491;0;5369;7026 
1893;912;491;0;5369;7026 
1814;916;496;0;5369;7026 
1902;919;492;0;5369;7026 
1943;922;490;0;5369;7026 
1834;925;490;0;5369;7026 
1814;929;490;0;5369;7026 
1822;932;490;0;5369;7026 
1856;936;495;0;5369;7026 
1896;939;492;0;5369;7026 
1919;942;490;0;5369;7026 
1891;945;490;0;5369;7026 
1767;948;490;0;5369;7026 
1770;952;489;0;5369;7026 
1913;955;495;0;5369;7026 
1858;958;492;0;5369;7026 
1939;961;490;0;5369;7026 
1962;964;490;0;5369;7026 
1798;968;489;0;5369;7026 
1881;971;489;0;5369;7026 
1895;974;494;0;5369;7026 
1829;977;491;0;5369;7026 
1935;980;491;0;5369;7026 
1958;984;490;0;5369;7026 
1822;988;488;0;5369;7026 
1867;991;488;0;5369;7026 
1911;994;494;0;5369;7026 
1843;997;491;0;5369;7026 
1893;1000;491;0;5369;7026 
1989;1004;489;0;5369;7026 
1879;1007;490;0;5369;7026 
1839;1010;488;0;5369;7026 
1925;1013;495;0;5369;7026 
1821;1016;495;0;5369;7026 
1874;1020;492;0;5369;7026 
2001;1023;490;0;5369;7026 
1904;1026;490;0;5369;7026 
1924;1029;489;0;5369;7026 
1894;1032;489;0;5369;7026 
1775;1036;495;0;5369;7026 
1912;1039;493;0;5369;7026 
1982;1042;490;0;5369;7026 
1973;1045;491;0;5369;7026 
1964;1049;489;0;5369;7026 
1840;1052;489;0;5369;7026 
1792;1056;495;0;5369;7026 
1881;1059;492;0;5369;7026 
1922;1062;491;0;5369;7026 
1997;1065;491;0;5369;7026 
1848;1068;491;0;5369;7026 
1835;1072;490;0;5369;7026 
1862;1075;495;0;5369;7026 
1839;1078;493;0;5369;7026 
1950;1081;491;0;5369;7026 
2001;1084;491;0;5369;7026 
1895;1088;491;0;5369;65535 
1928;1091;490;0;5369;65535 
1944;1094;495;0;5369;65535 
1891;1097;493;0;5369;65535 
1962;1100;493;0;5369;65535 
1958;1104;490;0;5369;65535 
1873;1107;490;0;5369;65535 
1898;1110;489;0;5369;65535 
1967;1113;493;0;5369;65535 
1881;1117;492;0;5369;65535 
1921;1120;492;0;5369;65535 
2039;1124;488;0;5369;65535 
1923;1127;487;0;5369;65535 
1898;1130;488;0;5369;65535 
1972;1133;492;0;5369;65535 
1904;1136;492;0;5369;65535 
1936;1140;489;0;5369;65535 
2043;1143;486;0;5369;65535 
1938;1146;486;0;5369;65535 
1965;1149;485;0;5369;65535 
1965;1152;485;0;5369;65535 
1848;1156;490;0;5369;65535 
1913;1160;487;0;5369;65535 
1981;1163;485;0;5369;65535 
1926;1166;483;0;5369;65535 
1992;1169;484;0;5369;65535 
1929;1172;484;0;5369;65535 
1853;1176;488;0;5369;65535 
1949;1179;486;0;5369;65535 
2000;1182;483;0;5369;65535 
1968;1185;482;0;5369;65535 
1983;1189;481;0;5369;65535 
1925;1192;481;0;5369;65535 
1855;1196;487;0;5369;65535 
1941;1199;483;0;5369;65535 
1938;1202;482;0;5369;65535 
1942;1205;480;0;5369;65535 
1951;1208;480;0;5369;65535 
1897;1212;480;0;5369;65535 
1860;1216;486;0;5369;65535 
1924;1219;482;0;5369;65535 
1943;1222;480;0;5369;65535 
1950;1225;478;0;5369;65535 
1896;1228;478;0;5369;65535 
1891;1232;479;0;5369;65535 
1879;1235;483;0;5369;65535 
1910;1239;480;0;5369;65535 
1927;1242;477;0;5369;65535 
1953;1245;477;0;5369;65535 
1892;1248;477;0;5369;65535 
1876;1252;476;0;5369;65535 
1877;1255;482;0;5369;65535 
1902;1259;478;0;5369;65535 
1917;1262;475;0;5369;65535 
1978;1265;476;0;5369;65535 
1932;1268;476;0;5369;65535 
1881;1272;475;0;5369;65535 
1878;1275;480;0;5369;65535 
1912;1279;477;0;5369;65535 
1936;1282;474;0;5369;65535 
1946;1285;475;0;5369;65535 
1929;1288;475;0;5369;65535 
1882;1292;474;0;5369;65535 
1870;1296;479;0;5369;65535 
1915;1299;477;0;5369;65535 
1936;1302;474;0;5369;65535 
1924;1305;473;0;5369;65535 
1916;1308;473;0;5369;65535 
1870;1312;473;0;5369;65535 
1843;1316;479;0;5369;65535 
1925;1319;476;0;5369;65535 
1922;1322;473;0;5369;65535 
1909;1325;474;0;5369;65535 
1944;1328;474;0;5369;65535 
1898;1332;473;0;5369;65535 
1833;1336;479;0;5369;65535 
1907;1339;475;0;5369;65535 
1930;1342;474;0;5369;65535 
1911;1345;474;0;5369;65535 
1928;1349;473;0;5369;65535 
1898;1352;473;0;5369;65535 
1834;1356;478;0;5369;65535 
1928;1359;476;0;5369;65535 
1987;1362;473;0;5369;65535 
1924;1365;473;0;5369;65535 
1957;1369;472;0;5369;65535 
1928;1372;472;0;5369;65535 
1840;1376;477;0;5369;65535 
1940;1379;475;0;5369;65535 
1970;1383;472;0;5369;65535 
1913;1386;472;0;5369;65535 
1935;1389;472;0;5369;65535 
1943;1392;472;0;5369;65535 
1837;1396;476;0;5369;65535 
1917;1400;474;0;5369;65535 
2015;1403;472;0;5369;65535 
1895;1406;472;0;5369;65535 
1921;1409;471;0;5369;65535 
1940;1412;471;0;5369;65535 
1853;1416;476;0;5369;65535 
1897;1420;474;0;5369;65535 
1972;1423;471;0;5369;65535 
1848;1426;471;0;5369;65535 
1880;1429;469;0;5369;65535 
1970;1433;475;0;5369;65535 
1875;1436;475;0;5369;65535 
1895;1440;471;0;5369;65535 
1996;1443;469;0;5369;65535 
1851;1447;468;0;5369;65535 
1831;1450;466;0;5369;65535 
1938;1453;472;0;5369;65535 
1868;1456;472;0;5369;65535 
1885;1460;469;0;5369;65535 
1939;1464;466;0;5369;65535 
1823;1467;465;0;5369;65535 
1845;1470;465;0;5369;65535 
1880;1474;470;0;5369;65535 
1836;1477;467;0;5369;65535 
1888;1480;467;0;5369;65535 
1889;1484;464;0;5369;65535 
1808;1488;465;0;5369;65535 
1858;1491;463;0;5369;65535 
1887;1494;469;0;5369;65535 
1804;1498;467;0;5369;65535 
1893;1501;464;0;5369;65535 
1909;1504;464;0;5369;65535 
1798;1508;464;0;5369;65535 
1833;1512;463;0;5369;65535 
1888;1515;468;0;5369;65535 
1855;1518;465;0;5369;65535 
1865;1521;463;0;5369;65535 
1865;1525;461;0;5369;65535 
1826;1528;461;0;5369;65535 
1778;1532;463;0;5369;65535 
1762;1536;466;0;5369;65535 
1850;1539;464;0;5369;65535 
1864;1542;461;0;5369;65535 
1740;1546;460;0;5369;65535 
1783;1549;460;0;5369;65535 
1824;1552;460;0;5369;65535 
1754;1556;466;0;5369;65535 
1788;1560;462;0;5369;65535 
1885;1563;459;0;5369;65535 
1744;1567;459;0;5369;65535 
1745;1570;458;0;5369;65535 
1829;1573;464;0;5369;65535 
1784;1577;460;0;5369;65535 
1829;1580;460;0;5369;65535 
1852;1584;458;0;5369;65535 
1728;1588;458;0;5369;65535 
1798;1591;457;0;5369;65535 
1824;1594;463;0;5369;65535 
1739;1598;459;0;5369;65535 
1856;1601;458;0;5369;65535 
1859;1604;458;0;5369;65535 
1766;1608;456;0;5369;65535 
1783;1612;457;0;5369;65535 
1810;1615;462;0;5369;65535 
1767;1619;459;0;5369;65535 
1834;1622;456;0;5369;65535 
1818;1625;459;0;5369;65535 
1853;1629;456;0;5369;65535 
1827;1632;456;0;5369;65535 
1732;1636;462;0;5369;65535 
1795;1640;460;0;5369;65535 
1868;1643;457;0;5369;65535 
1710;1646;457;0;5369;65535 
1757;1650;457;0;5369;65535 
1836;1653;462;0;5369;65535 
1773;1656;462;0;5369;65535 
1775;1660;460;0;5369;65535 
1825;1664;457;0;5369;65535 
1724;1667;457;0;5369;65535 
1762;1671;457;0;5369;65535 
1808;1674;462;0;5369;65535 
1743;1677;460;0;5369;65535 
1847;1681;457;0;5369;65535 
1856;1684;457;0;5369;65535 
1703;1688;456;0;5369;65535 
1723;1692;458;0;5369;65535 
1816;1695;462;0;5369;65535 
1782;1699;459;0;5369;65535 
1848;1702;458;0;5369;65535 
1864;1705;456;0;5369;65535 
1854;1709;457;0;5369;65535 
1812;1712;457;0;5369;65535 
1773;1716;461;0;5369;65535 
1852;1720;458;0;5369;65535 
1944;1723;457;0;5369;65535 
1801;1726;456;0;5369;65535 
1797;1730;455;0;5369;65535 
1891;1733;461;0;5369;65535 
1817;1736;461;0;5369;65535 
1787;1740;458;0;5369;65535 
1859;1744;456;0;5369;65535 
1797;1747;456;0;5369;65535 
1810;1751;456;0;5369;65535 
1868;1754;461;0;5369;65535 
1772;1757;459;0;5369;65535 
1851;1761;458;0;5369;65535 
1858;1764;458;0;5369;65535 
1756;1768;457;0;5369;65535 
1788;1772;456;0;5369;65535 
1849;1775;462;0;5369;65535 
1827;1779;459;0;5369;65535 
1836;1782;458;0;5369;65535 
1805;1785;457;0;5369;65535 
1857;1789;457;0;5369;65535 
1848;1792;457;0;5369;65535 
1787;1796;462;0;5369;65535 
1829;1800;459;0;5369;65535 
1891;1803;457;0;5369;65535 
1765;1806;456;0;5369;65535 
1786;1809;456;0;5369;65535 
1872;1813;462;0;5369;65535 
1812;1816;462;0;5369;65535 
1779;1820;458;0;5369;65535 
1847;1824;456;0;5369;65535 
1762;1827;455;0;5369;65535 
1790;1831;455;0;5369;65535 
1814;1834;460;0;5369;65535 
1746;1837;456;0;5369;65535 
1815;1841;454;0;5369;65535 
1840;1844;454;0;5369;65535 
1751;1848;454;0;5369;65535 
1772;1852;453;0;5369;65535 
1802;1855;458;0;5369;65535 
1772;1859;455;0;5369;65535 
1804;1862;454;0;5369;65535 
1779;1865;452;0;5369;65535 
1843;1869;452;0;5369;65535 
1850;1872;452;0;5369;65535 
1766;1876;458;0;5369;65535 
1786;1880;454;0;5369;65535 
1878;1883;452;0;5369;65535 
1794;1887;451;0;5369;65535 
1785;1890;451;0;5369;65535 
1835;1893;457;0;5369;65535 
1772;1897;453;0;5369;65535 
1787;1900;453;0;5369;65535 
1803;1904;451;0;5369;65535 
1719;1908;451;0;5369;65535 
1807;1912;451;0;5369;65535 
1855;1915;455;0;5369;65535 
1787;1918;452;0;5369;65535 
1811;1922;450;0;5369;65535 
1801;1925;450;0;5369;65535 
1836;1929;449;0;5369;65535 
1806;1932;449;0;5369;65535 
1725;1936;455;0;5369;65535 
1745;1940;451;0;5369;65535 
1848;1943;449;0;5369;65535 
1745;1947;450;0;5369;65535 
1739;1950;448;0;5369;65535 
1787;1953;454;0;5369;65535 
1765;1957;451;0;5369;65535 
1772;1960;451;0;5369;65535 
1800;1964;449;0;5369;65535 
1716;1968;449;0;5369;65535 
1758;1972;449;0;5369;65535 
1814;1975;454;0;5369;65535 
1773;1979;451;0;5369;65535 
1819;1982;450;0;5369;65535 
1825;1985;449;0;5369;65535 
1849;1989;449;0;5369;65535 
1800;1992;449;0;5369;65535 
1730;1996;454;0;5369;65535 
1796;2000;453;0;5369;65535 
1877;2003;450;0;5369;65535 
1724;2007;450;0;5369;65535 
1770;2010;451;0;5369;65535 
1802;2013;455;0;5369;65535 
1744;2017;453;0;5369;65535 
1805;2020;453;0;5369;65535 
1850;2024;452;0;5369;65535 
1743;2028;452;0;5369;65535 
1789;2032;451;0;5369;65535 
1830;2035;457;0;5369;65535 
1795;2038;455;0;5369;65535 
1811;2042;452;0;5369;65535 
1813;2045;453;0;5369;65535 
1797;2048;453;0;5369;65535 
1787;2052;452;0;5369;65535 
1764;2056;457;0;5369;65535 
1769;2060;456;0;5369;65535 
1822;2063;453;0;5369;65535 
1685;2066;453;0;5369;65535 
1709;2070;451;0;5369;65535 
1816;2073;458;0;5369;65535 
1721;2076;458;0;5369;65535 
1701;2080;454;0;5369;65535 
1761;2084;453;0;5369;65535 
1660;2088;452;0;5369;65535 
1743;2091;452;0;5369;65535 
1786;2094;456;0;5369;65535 
1712;2098;454;0;5369;65535 
1793;2101;451;0;5369;65535 
1835;2105;451;0;5369;65535 
1758;2108;451;0;5369;65535 
1749;2112;450;0;5369;65535 
1732;2116;455;0;5369;65535 
1771;2119;453;0;5369;65535 
1816;2123;450;0;5369;65535 
1745;2126;450;0;5369;65535 
1755;2129;449;0;5369;65535 
1817;2133;454;0;5369;65535 
1751;2136;454;0;5369;65535 
1727;2140;451;0;5369;65535 
1787;2144;449;0;5369;65535 
1713;2148;448;0;5369;65535 
1759;2151;448;0;5369;65535 
1815;2154;453;0;5369;65535 
1721;2158;449;0;5369;65535 
1777;2161;448;0;5369;65535 
1809;2165;447;0;5369;65535 
1762;2168;447;0;5369;65535 
1773;2172;445;0;5369;65535 
1735;2176;451;0;5369;65535 
1760;2180;448;0;5369;65535 
1844;2183;446;0;5369;65535 
1702;2187;445;0;5369;65535 
1725;2190;444;0;5369;65535 
1815;2193;450;0;5369;65535 
1745;2197;446;0;5369;65535 
1773;2200;446;0;5369;65535 
1805;2204;444;0;5369;65535 
1693;2208;444;0;5369;65535 
1742;2212;442;0;5369;65535 
1797;2215;448;0;5369;65535 
1758;2219;445;0;5369;65535 
1769;2222;442;0;5369;65535 
1721;2226;442;0;5369;65535 
1748;2229;442;0;5369;65535 
1803;2233;446;0;5369;65535 
1741;2236;446;0;5369;65535 
1709;2240;443;0;5369;65535 
1774;2244;441;0;5369;65535 
1662;2248;440;0;5369;65535 
1706;2251;440;0;5369;65535 
1772;2255;445;0;5369;65535 
1714;2258;441;0;5369;65535 
1740;2262;440;0;5369;65535 
1735;2265;440;0;5369;65535 
1751;2269;439;0;5369;65535 
1765;2272;439;0;5369;65535 
1683;2276;444;0;5369;65535 
1687;2280;441;0;5369;65535 
1765;2284;440;0;5369;65535 
1674;2287;439;0;5369;65535 
1707;2291;439;0;5369;65535 
1747;2294;444;0;5369;65535 
1661;2298;442;0;5369;65535 
1723;2301;440;0;5369;65535 
1755;2305;439;0;5369;65535 
1735;2308;439;0;5369;65535 
1757;2312;440;0;5369;65535 
1679;2316;444;0;5369;65535 
1701;2320;442;0;5369;65535 
1784;2324;440;0;5369;65535 
1676;2327;440;0;5369;65535 
1698;2331;439;0;5369;65535 
1768;2334;445;0;5369;65535 
1679;2337;442;0;5369;65535 
1743;2341;440;0;5369;65535 
1787;2345;440;0;5369;65535 
1731;2348;440;0;5369;65535 
1717;2352;440;0;5369;65535 
1671;2356;445;0;5369;65535 
1711;2360;442;0;5369;65535 
1810;2363;441;0;5369;65535 
1680;2367;440;0;5369;65535 
1683;2370;439;0;5369;65535 
1744;2374;445;0;5369;65535 
1693;2377;442;0;5369;65535 
1740;2381;440;0;5369;65535 
1763;2384;440;0;5369;65535 
1659;2388;439;0;5369;65535 
1681;2392;438;0;5369;65535 
1685;2396;444;0;5369;65535 
1740;2399;440;0;5369;65535 
1807;2403;438;0;5369;65535 
1675;2406;437;0;5369;65535 
1666;2410;436;0;5369;65535 
1729;2413;441;0;5369;65535 
1691;2417;438;0;5369;65535 
1704;2421;436;0;5369;65535 
1744;2424;436;0;5369;65535 
1676;2428;434;0;5369;65535 
1677;2432;435;0;5369;65535 
1660;2436;440;0;5369;65535 
1698;2439;436;0;5369;65535 
1781;2443;435;0;5369;65535 
1668;2447;434;0;5369;65535 
1667;2450;433;0;5369;65535 
1748;2454;439;0;5369;65535 
1694;2457;436;0;5369;65535 
1710;2461;435;0;5369;65535 
1780;2464;435;0;5369;65535 
1711;2468;433;0;5369;65535 
1704;2472;433;0;5369;65535 
1651;2476;438;0;5369;65535 
1684;2480;435;0;5369;65535 
1767;2483;432;0;5369;65535 
1687;2487;433;0;5369;65535 
1692;2491;431;0;5369;65535 
1769;2494;436;0;5369;65535 
1667;2498;433;0;5369;65535 
1738;2501;431;0;5369;65535 
1757;2505;431;0;5369;65535 
1720;2509;429;0;5369;65535 
1718;2512;429;0;5369;65535 
1669;2516;434;0;5369;65535 
1644;2520;432;0;5369;65535 
1730;2524;429;0;5369;65535 
1646;2528;428;0;5369;65535 
1687;2531;428;0;5369;65535 
1739;2535;434;0;5369;65535 
1697;2539;431;0;5369;65535 
1741;2542;428;0;5369;65535 
1696;2546;427;0;5369;65535 
1685;2549;427;0;5369;65535 
1758;2553;432;0;5369;65535 
1683;2557;429;0;5369;65535 
1701;2560;429;0;5369;65535 
1766;2564;426;0;5369;65535 
1682;2568;427;0;5369;65535 
1679;2572;425;0;5369;65535 
1643;2576;430;0;5369;65535 
1661;2580;427;0;5369;65535 
1753;2583;426;0;5369;65535 
1677;2587;425;0;5369;65535 
1655;2591;425;0;5369;65535 
1701;2594;428;0;5369;65535 
1632;2598;428;0;5369;65535 
1662;2602;426;0;5369;65535 
1685;2605;425;0;5369;65535 
1693;2609;425;0;5369;65535 
1726;2613;431;0;5369;65535 
1654;2616;431;0;5369;65535 
1652;2620;428;0;5369;65535 
1733;2624;426;0;5369;65535 
1652;2628;426;0;5369;65535 
1667;2632;425;0;5369;65535 
1668;2636;431;0;5369;65535 
1653;2639;428;0;5369;65535 
1726;2643;427;0;5369;65535 
1643;2647;426;0;5369;65535 
1633;2650;425;0;5369;65535 
1682;2654;430;0;5369;65535 
1614;2657;428;0;5369;65535 
1689;2661;426;0;5369;65535 
1726;2665;426;0;5369;65535 
1699;2669;425;0;5369;65535 
1691;2672;425;0;5369;65535 
1632;2676;430;0;5369;65535 
1642;2680;428;0;5369;65535 
1711;2684;424;0;5369;65535 
1623;2688;427;0;5369;65535 
1660;2692;425;0;5369;65535 
1680;2695;431;0;5369;65535 
1666;2699;427;0;5369;65535 
1740;2703;426;0;5369;65535 
1673;2706;426;0;5369;65535 
1642;2710;424;0;5369;65535 
1693;2713;430;0;5369;65535 
1623;2717;428;0;5369;65535 
1674;2721;425;0;5369;65535 
1675;2725;424;0;5369;65535 
1624;2728;424;0;5369;65535 
1619;2732;424;0;5369;65535 
1576;2736;429;0;5369;65535 
1602;2740;425;0;5369;65535 
1693;2744;425;0;5369;65535 
1563;2748;423;0;5369;65535 
1620;2751;423;0;5369;65535 
1647;2755;428;0;5369;65535 
1635;2759;425;0;5369;65535 
1690;2762;423;0;5369;65535 
1615;2766;422;0;5369;65535 
1593;2770;421;0;5369;65535 
1641;2773;427;0;5369;65535 
1574;2777;423;0;5369;65535 
1656;2781;422;0;5369;65535 
1686;2785;421;0;5369;65535 
1644;2788;421;0;5369;65535 
1641;2792;419;0;5369;65535 
1584;2796;426;0;5369;65535 
1578;2800;423;0;5369;65535 
1643;2804;420;0;5369;65535 
1556;2808;420;0;5369;65535 
1572;2812;419;0;5369;65535 
1598;2815;424;0;5369;65535 
1600;2819;421;0;5369;65535 
1654;2823;419;0;5369;65535 
1536;2827;419;0;5369;65535 
1567;2830;418;0;5369;65535 
1619;2834;423;0;5369;65535 
1527;2838;420;0;5369;65535 
1601;2841;418;0;5369;65535 
1617;2845;418;0;5369;65535 
1610;2849;417;0;5369;65535 
1638;2853;422;0;5369;65535 
1572;2857;419;0;5369;65535 
1605;2860;419;0;5369;65535 
1638;2864;417;0;5369;65535 
1551;2868;417;0;5369;65535 
1555;2872;416;0;5369;65535 
1495;2876;421;0;5369;65535 
1560;2880;419;0;5369;65535 
1626;2884;416;0;5369;65535 
1525;2888;416;0;5369;65535 
1586;2892;416;0;5369;65535 
1612;2895;419;0;5369;65535 
1603;2899;418;0;5369;65535 
1646;2903;416;0;5369;65535 
1541;2907;415;0;5369;65535 
1553;2910;414;0;5369;65535 
1588;2914;420;0;5369;65535 
1523;2918;417;0;5369;65535 
1602;2922;414;0;5369;65535 
1602;2925;415;0;5369;65535 
1560;2929;414;0;5369;65535 
1592;2933;419;0;5369;65535 
1517;2937;417;0;5369;65535 
1547;2941;413;0;5369;65535 
1591;2944;413;0;5369;65535 
1545;2948;416;0;5369;65535 
1523;2952;413;0;5369;65535 
1487;2956;419;0;5369;65535 
1532;2960;416;0;5369;65535 
1581;2964;415;0;5369;65535 
1497;2968;414;0;5369;65535 
1526;2972;413;0;5369;65535 
1529;2976;418;0;5369;65535 
1553;2980;416;0;5369;65535 
1647;2983;414;0;5369;65535 
1524;2987;413;0;5369;65535 
1549;2991;413;0;5369;65535 
1593;2995;418;0;5369;65535 
1525;2999;415;0;5369;65535 
1584;3002;413;0;5369;65535 
1492;3006;413;0;5369;65535 
0;0;0;0;5369;65535 
Tapez  1 pour afficher les mesures, 2 pour acquisition avant, 3 pour acquisition arriere: 
