Acquisition ... fait 
Tapez  1 pour afficher les mesures, 2 pour acquisition avant, 3 pour acquisition arriere: 
Mesures en accel/decel 
Acc_I;Acc_Pos;Acc_Vit;Dec_I;Dec_Pos;Dec_Vit 
2499;2322;65535;1327;8134;375 
3711;2322;65535;351;8139;375 
4012;2323;65535;73;8143;377 
4095;2323;65535;0;8147;384 
4085;2323;65535;0;8151;388 
3964;2323;65535;0;8155;400 
3805;2324;65535;0;8159;404 
3780;2324;65535;0;8163;407 
3747;2324;65535;0;8167;415 
3885;2324;65535;0;8170;421 
3636;2324;65535;0;8174;433 
3348;2325;65535;0;8177;437 
3221;2326;65535;0;8181;443 
3333;2326;65535;0;8184;443 
3515;2327;65535;0;8188;451 
3533;2328;65535;0;8192;458 
3659;2328;65535;0;8195;471 
3793;2328;65535;0;8198;478 
3467;2329;2789;0;8201;484 
3443;2330;2789;0;8204;484 
3413;2331;2789;0;8208;494 
3310;2332;2789;0;8211;502 
3583;2332;2789;0;8214;518 
3550;2333;2035;0;8217;526 
3440;2335;2035;0;8220;526 
3105;2336;2035;0;8223;535 
3298;2336;2035;0;8226;545 
3351;2337;1684;0;8228;545 
3389;2339;1684;0;8232;557 
3157;2340;1684;0;8234;576 
3366;2340;1684;0;8237;587 
3295;2342;1486;0;8240;587 
3414;2343;1486;0;8242;598 
3356;2344;1486;0;8244;598 
3174;2345;1383;0;8248;612 
3005;2347;1383;0;8250;627 
3138;2348;1383;0;8252;627 
3319;2349;1330;0;8255;651 
3090;2350;1330;0;8257;665 
3112;2352;1330;0;8260;665 
3096;2352;1330;0;8261;680 
3165;2354;1313;0;8264;680 
3004;2355;1313;0;8266;700 
3023;2356;1313;0;8268;700 
3025;2357;1274;0;8271;720 
3144;2359;1274;0;8272;720 
3021;2360;1274;0;8275;750 
3332;2361;1244;0;8276;750 
3207;2363;1244;0;8279;772 
3135;2364;1244;0;8281;792 
3018;2365;1225;0;8283;792 
2899;2367;1225;0;8284;792 
3095;2368;1225;0;8287;821 
3181;2369;1223;0;8288;821 
3104;2371;1223;0;8290;849 
2989;2372;1223;0;8292;849 
3255;2373;1238;0;8294;890 
3141;2374;1238;0;8296;890 
2831;2376;1238;0;8297;921 
3007;2377;1217;0;8299;921 
3043;2378;1217;0;8300;921 
2829;2380;1217;0;8302;954 
3175;2381;1185;0;8304;954 
3071;2382;1185;0;8305;995 
3070;2384;1185;0;8307;995 
3030;2385;1147;0;8308;995 
2857;2387;1147;0;8310;1040 
2940;2388;1147;0;8312;1040 
2922;2389;1100;0;8312;1040 
2973;2391;1100;0;8314;1100 
2969;2392;1100;0;8316;1100 
2950;2394;1071;0;8317;1155 
2616;2396;1071;0;8318;1155 
2812;2397;1034;0;8320;1155 
2778;2399;1034;0;8321;1211 
2753;2400;1034;0;8322;1211 
2862;2402;1000;0;8324;1211 
2916;2404;1000;0;8324;1211 
2882;2405;973;0;8326;1284 
2777;2407;973;0;8327;1284 
2952;2408;973;0;8328;1284 
2833;2410;947;0;8329;1363 
2736;2412;947;0;8330;1363 
2886;2414;941;0;8332;1363 
2629;2416;941;0;8332;1363 
2755;2417;921;0;8333;1465 
2769;2419;921;0;8335;1465 
2767;2420;921;0;8336;1465 
2826;2423;902;0;8336;1465 
2850;2424;902;0;8337;1573 
2582;2426;887;0;8339;1573 
2681;2428;887;0;8340;1573 
2681;2430;870;0;8340;1573 
2663;2432;870;0;8341;1689 
2777;2433;865;0;8342;1689 
2547;2436;865;0;8343;1689 
2653;2437;846;0;8344;1689 
2717;2439;846;0;8344;1689 
2776;2441;830;0;8345;1851 
2768;2443;830;0;8346;1851 
2738;2445;816;0;8347;1851 
2577;2447;816;0;8348;1851 
2752;2449;805;0;8348;1851 
2639;2451;805;0;8349;2040 
2696;2453;803;0;8350;2040 
2576;2455;803;0;8351;2040 
2559;2457;788;0;8352;2040 
2650;2459;788;0;8352;2040 
2663;2461;774;0;8352;2040 
2655;2463;774;0;8353;2303 
2579;2465;762;0;8354;2303 
2493;2468;762;0;8355;2303 
2576;2469;752;0;8355;2303 
2487;2472;752;0;8356;2303 
2564;2474;750;0;8356;2303 
2354;2476;750;0;8357;2662 
2457;2478;738;0;8357;2662 
2474;2480;738;0;8358;2662 
2569;2483;726;0;8359;2662 
2599;2484;726;0;8359;2662 
2388;2487;718;0;8360;2662 
2516;2489;710;0;8360;2662 
2423;2492;710;0;8360;2662 
2535;2494;710;0;8361;3148 
2330;2496;710;0;8361;3148 
2451;2498;700;0;8362;3148 
2474;2500;700;0;8362;3148 
2510;2503;690;0;8363;3148 
2509;2505;683;0;8363;3148 
2387;2508;683;0;8364;3148 
2347;2510;676;0;8364;3148 
2406;2512;676;0;8364;3148 
2404;2515;678;0;8364;3148 
2323;2517;669;0;8365;4019 
2317;2520;669;0;8365;4019 
2376;2522;660;0;8365;4019 
2449;2524;660;0;8366;4019 
2288;2527;655;0;8366;4019 
2389;2529;649;0;8367;4019 
2286;2532;649;0;8367;4019 
2390;2534;651;0;8367;4019 
2280;2536;651;0;8368;4019 
2350;2539;642;0;8368;4019 
2354;2541;635;0;8368;4019 
2384;2544;635;0;8368;4019 
2233;2547;629;0;8368;4019 
2354;2549;624;0;8368;4019 
2258;2552;624;0;8368;4019 
2372;2554;627;0;8369;5806 
2250;2557;618;0;8369;5806 
2236;2560;618;0;8369;5806 
2289;2562;612;0;8369;5806 
2356;2564;612;0;8369;5806 
2161;2568;609;0;8370;5806 
2187;2570;603;0;8370;5806 
2286;2572;603;0;8370;5806 
2201;2576;607;0;8370;5806 
2186;2578;600;0;8370;5806 
2213;2580;600;0;8371;5806 
2294;2584;595;0;8371;5806 
2121;2586;592;0;8371;5806 
2223;2588;592;0;8371;5806 
2130;2592;588;0;8371;5806 
2226;2594;592;0;8371;5806 
2085;2597;586;0;8371;5806 
2108;2600;586;0;8371;5806 
2199;2602;581;0;8371;5806 
2233;2605;579;0;8371;5806 
2093;2608;579;0;8371;5806 
2163;2611;575;0;8371;5806 
2205;2613;579;0;8371;5806 
2085;2616;579;0;8371;5806 
2172;2619;574;0;8371;5806 
2181;2622;569;0;8371;5806 
2258;2624;569;0;8371;5806 
2108;2628;566;0;8371;5806 
2167;2630;563;0;8371;5806 
2223;2633;567;0;8371;5806 
2045;2636;567;0;8371;5806 
2153;2639;562;0;8371;5806 
2171;2641;557;0;8371;5806 
2229;2644;557;0;8371;5806 
2049;2648;555;0;8371;5806 
2101;2650;553;0;8371;5806 
2191;2653;556;0;8371;5806 
2054;2656;556;0;8371;5806 
2152;2659;552;0;8371;5806 
2030;2662;547;0;8371;5806 
2173;2664;547;0;8371;5806 
1988;2668;546;0;8371;5806 
2038;2671;542;0;8371;5806 
2113;2673;548;0;8371;5806 
1998;2676;548;0;8371;5806 
2039;2680;542;0;8371;5806 
2093;2682;539;0;8371;5806 
2093;2685;536;0;8371;5806 
2042;2688;536;0;8371;5806 
2031;2691;534;0;8371;5806 
2100;2694;538;0;8371;5806 
1925;2697;533;0;8371;5806 
1997;2700;533;0;8371;5806 
2138;2703;530;0;8371;5806 
1927;2706;528;0;8371;5806 
2043;2709;525;0;8371;5806 
2033;2712;525;0;8371;5806 
2005;2716;529;0;8371;5806 
1972;2718;524;0;8371;5806 
2057;2721;520;0;8371;5806 
2106;2724;520;0;8371;5806 
1932;2728;517;0;8371;5806 
1988;2731;515;0;8371;5806 
2012;2734;519;0;8371;5806 
1908;2736;519;0;8371;5806 
1870;2740;514;0;8371;5806 
1993;2743;510;0;8371;5806 
1881;2746;508;0;8371;5806 
1965;2749;505;0;8371;5806 
1927;2752;505;0;8371;5806 
1822;2756;510;0;8371;5806 
1866;2759;505;0;8371;5806 
1884;2762;502;0;8371;5806 
1986;2765;499;0;8371;5806 
1903;2768;499;0;8371;5806 
1880;2772;498;0;8371;5806 
1966;2775;501;0;8371;5806 
1794;2778;497;0;8371;5806 
1933;2781;494;0;8371;5806 
1981;2784;494;0;8371;5806 
1811;2788;492;0;8371;5806 
1841;2791;490;0;8371;5806 
1907;2794;494;0;8371;5806 
1760;2797;490;0;8371;5806 
1859;2800;490;0;8371;5806 
1895;2804;487;0;8371;5806 
1791;2807;485;0;8371;5806 
1829;2811;484;0;8371;5806 
1873;2814;488;0;8371;5806 
1749;2817;483;0;8371;5806 
1818;2820;483;0;8371;5806 
1868;2824;481;0;8371;5806 
1744;2827;480;0;8371;5806 
1791;2830;477;0;8371;5806 
1823;2833;482;0;8371;5806 
1713;2837;479;0;8371;5806 
1808;2840;479;0;8371;5806 
1849;2844;475;0;8371;5806 
1741;2847;475;0;8371;5806 
1745;2850;472;0;8371;5806 
1769;2854;477;0;8371;5806 
1677;2857;474;0;8371;5806 
1758;2860;474;0;8371;5806 
1746;2864;470;0;8371;5806 
1710;2868;470;0;8371;5806 
1739;2871;468;0;8371;5806 
1777;2874;473;0;8371;5806 
1645;2877;469;0;8371;5806 
1756;2880;469;0;8371;5806 
1811;2884;467;0;8371;5806 
1705;2888;465;0;8371;5806 
1799;2891;464;0;8371;5806 
1833;2895;469;0;8371;5806 
1653;2898;465;0;8371;5806 
1772;2901;462;0;8371;5806 
1859;2904;462;0;8371;5806 
1755;2908;462;0;8371;5806 
1731;2912;460;0;8371;5806 
1761;2915;465;0;8371;5806 
1741;2919;461;0;8371;5806 
1757;2922;460;0;8371;5806 
1752;2925;458;0;8371;5806 
1785;2929;456;0;8371;5806 
1765;2932;456;0;8371;5806 
1681;2936;462;0;8371;5806 
1741;2940;458;0;8371;5806 
1812;2943;456;0;8371;5806 
1683;2947;455;0;8371;5806 
1651;2950;453;0;8371;5806 
1718;2953;458;0;8371;5806 
1632;2957;455;0;8371;5806 
1719;2960;455;0;8371;5806 
1748;2964;452;0;8371;5806 
1652;2968;452;0;8371;5806 
1706;2971;449;0;8371;5806 
1751;2975;455;0;8371;5806 
1607;2978;451;0;8371;5806 
1664;2981;449;0;8371;5806 
1680;2985;448;0;8371;5806 
1691;2988;448;0;8371;5806 
1652;2992;446;0;8371;5806 
1586;2996;452;0;8371;5806 
1632;3000;448;0;8371;5806 
1670;3003;445;0;8371;5806 
1549;3007;445;0;8371;5806 
1616;3010;443;0;8371;5806 
1666;3013;448;0;8371;5806 
1559;3017;445;0;8371;5806 
1656;3021;443;0;8371;5806 
1647;3024;443;0;8371;5806 
1506;3028;441;0;8371;5806 
1574;3032;441;0;8371;5806 
1601;3036;444;0;8371;5806 
1619;3039;442;0;8371;5806 
1642;3043;439;0;8371;5806 
1504;3046;438;0;8371;5806 
1565;3050;437;0;8371;5806 
1652;3053;442;0;8371;5806 
1553;3057;438;0;8371;5806 
1626;3060;438;0;8371;5806 
1665;3064;436;0;8371;5806 
1494;3068;434;0;8371;5806 
1577;3072;434;0;8371;5806 
1587;3076;438;0;8371;5806 
1587;3079;435;0;8371;5806 
1665;3083;432;0;8371;5806 
1482;3086;431;0;8371;5806 
1533;3090;431;0;8371;5806 
1621;3094;434;0;8371;5806 
1563;3097;432;0;8371;5806 
1609;3101;429;0;8371;5806 
1611;3105;428;0;8371;5806 
1527;3108;428;0;8371;5806 
1550;3112;426;0;8371;5806 
1515;3116;432;0;8371;5806 
1529;3120;428;0;8371;5806 
1595;3124;426;0;8371;5806 
1476;3128;425;0;8371;5806 
1537;3131;423;0;8371;5806 
1599;3135;429;0;8371;5806 
1513;3139;425;0;8371;5806 
1551;3142;423;0;8371;5806 
1485;3146;422;0;8371;5806 
1515;3150;421;0;8371;5806 
1555;3153;426;0;8371;5806 
1510;3157;423;0;8371;5806 
1574;3161;420;0;8371;5806 
1568;3165;419;0;8371;5806 
1531;3168;419;0;8371;5806 
1557;3172;419;0;8371;5806 
1530;3176;423;0;8371;5806 
1529;3180;421;0;8371;5806 
1565;3184;418;0;8371;5806 
1430;3188;417;0;8371;5806 
1505;3192;416;0;8371;5806 
1537;3196;421;0;8371;5806 
1522;3199;418;0;8371;5806 
1575;3203;415;0;8371;5806 
1425;3207;415;0;8371;5806 
1491;3211;414;0;8371;5806 
1574;3214;419;0;8371;5806 
1480;3218;415;0;8371;5806 
1531;3222;414;0;8371;5806 
1419;3226;413;0;8371;5806 
1440;3230;411;0;8371;5806 
1517;3233;417;0;8371;5806 
1478;3237;414;0;8371;5806 
1567;3241;411;0;8371;5806 
1567;3245;411;0;8371;5806 
1562;3249;409;0;8371;5806 
1600;3253;414;0;8371;5806 
1546;3256;414;0;8371;5806 
1564;3260;412;0;8371;5806 
1572;3264;409;0;8371;5806 
1506;3268;408;0;8371;5806 
1526;3272;407;0;8371;5806 
1486;3276;412;0;8371;5806 
1490;3280;410;0;8371;5806 
1520;3284;407;0;8371;5806 
1418;3288;406;0;8371;5806 
1471;3292;405;0;8371;5806 
1471;3296;410;0;8371;65535 
1491;3300;407;0;8371;65535 
1539;3304;405;0;8371;65535 
1402;3308;405;0;8371;65535 
1462;3312;403;0;8371;65535 
1489;3316;408;0;8371;65535 
1469;3320;406;0;8371;65535 
1541;3324;403;0;8371;65535 
1414;3328;402;0;8371;65535 
1446;3332;402;0;8371;65535 
1475;3335;406;0;8371;65535 
1477;3339;404;0;8371;65535 
1560;3343;401;0;8371;65535 
1402;3347;401;0;8371;65535 
1451;3351;400;0;8371;65535 
1491;3355;405;0;8371;65535 
1448;3359;402;0;8371;65535 
1533;3363;400;0;8371;65535 
1401;3367;400;0;8371;65535 
1466;3371;399;0;8371;65535 
1484;3375;403;0;8371;65535 
1435;3379;401;0;8371;65535 
1513;3383;399;0;8371;65535 
1401;3387;398;0;8371;65535 
1417;3391;398;0;8371;65535 
1480;3395;403;0;8371;65535 
1429;3399;400;0;8371;65535 
1501;3403;397;0;8371;65535 
1372;3407;398;0;8371;65535 
1433;3411;396;0;8371;65535 
1492;3415;402;0;8371;65535 
1421;3419;399;0;8371;65535 
1458;3423;396;0;8371;65535 
1362;3427;397;0;8371;65535 
1438;3431;395;0;8371;65535 
1509;3435;401;0;8371;65535 
1440;3439;397;0;8371;65535 
1473;3443;396;0;8371;65535 
1335;3447;395;0;8371;65535 
1392;3451;395;0;8371;65535 
1469;3455;399;0;8371;65535 
1420;3459;397;0;8371;65535 
1457;3463;395;0;8371;65535 
1294;3467;394;0;8371;65535 
1362;3471;394;0;8371;65535 
1434;3475;398;0;8371;65535 
1425;3479;396;0;8371;65535 
1443;3483;394;0;8371;65535 
1353;3487;393;0;8371;65535 
1439;3491;393;0;8371;65535 
1486;3495;397;0;8371;65535 
1437;3499;395;0;8371;65535 
1473;3504;392;0;8371;65535 
1372;3508;392;0;8371;65535 
1432;3512;392;0;8371;65535 
1439;3516;396;0;8371;65535 
1411;3520;394;0;8371;65535 
1426;3524;391;0;8371;65535 
1314;3528;391;0;8371;65535 
1402;3532;391;0;8371;65535 
1395;3536;395;0;8371;65535 
1427;3540;392;0;8371;65535 
1458;3544;391;0;8371;65535 
1367;3548;390;0;8371;65535 
1421;3552;389;0;8371;65535 
1401;3556;394;0;8371;65535 
1422;3560;392;0;8371;65535 
1500;3564;389;0;8371;65535 
1405;3568;389;0;8371;65535 
1433;3572;387;0;8371;65535 
1446;3576;393;0;8371;65535 
1464;3580;390;0;8371;65535 
1492;3584;388;0;8371;65535 
1437;3588;388;0;8371;65535 
1468;3593;391;0;8371;65535 
1395;3597;389;0;8371;65535 
1437;3601;387;0;8371;65535 
1424;3605;386;0;8371;65535 
1399;3609;385;0;8371;65535 
1425;3613;390;0;8371;65535 
1345;3617;388;0;8371;65535 
1381;3621;385;0;8371;65535 
1365;3626;385;0;8371;65535 
1376;3630;384;0;8371;65535 
1404;3634;389;0;8371;65535 
1348;3638;387;0;8371;65535 
1414;3642;384;0;8371;65535 
1335;3647;384;0;8371;65535 
1367;3651;384;0;8371;65535 
1417;3655;388;0;8371;65535 
1381;3659;385;0;8371;65535 
1437;3663;384;0;8371;65535 
1294;3667;383;0;8371;65535 
1343;3672;382;0;8371;65535 
1359;3676;387;0;8371;65535 
1344;3680;385;0;8371;65535 
1381;3684;383;0;8371;65535 
1315;3688;382;0;8371;65535 
1345;3692;382;0;8371;65535 
1351;3696;386;0;8371;65535 
1351;3700;384;0;8371;65535 
1411;3704;382;0;8371;65535 
1347;3708;381;0;8371;65535 
1360;3712;381;0;8371;65535 
1345;3717;383;0;8371;65535 
1385;3721;381;0;8371;65535 
1346;3725;381;0;8371;65535 
1344;3729;380;0;8371;65535 
1364;3733;384;0;8371;65535 
1311;3738;384;0;8371;65535 
1375;3742;380;0;8371;65535 
1302;3746;380;0;8371;65535 
1319;3750;380;0;8371;65535 
1381;3755;384;0;8371;65535 
1350;3759;382;0;8371;65535 
1405;3763;380;0;8371;65535 
1291;3767;379;0;8371;65535 
1357;3772;379;0;8371;65535 
1392;3776;383;0;8371;65535 
1341;3780;382;0;8371;65535 
1377;3784;380;0;8371;65535 
1282;3788;379;0;8371;65535 
1333;3792;378;0;8371;65535 
1312;3796;383;0;8371;65535 
1334;3800;380;0;8371;65535 
1402;3804;380;0;8371;65535 
1350;3809;378;0;8371;65535 
1354;3813;382;0;8371;65535 
1298;3817;380;0;8371;65535 
1306;3821;379;0;8371;65535 
1262;3826;378;0;8371;65535 
1230;3830;378;0;8371;65535 
1327;3834;382;0;8371;65535 
1239;3838;380;0;8371;65535 
1295;3843;378;0;8371;65535 
1222;3847;379;0;8371;65535 
1287;3851;377;0;8371;65535 
1327;3855;382;0;8371;65535 
1261;3860;380;0;8371;65535 
1338;3864;378;0;8371;65535 
1199;3868;378;0;8371;65535 
1259;3872;378;0;8371;65535 
1249;3876;382;0;8371;65535 
1274;3880;380;0;8371;65535 
1321;3884;378;0;8371;65535 
1219;3888;378;0;8371;65535 
1284;3893;382;0;8371;65535 
1229;3897;379;0;8371;65535 
1297;3901;378;0;8371;65535 
1222;3905;378;0;8371;65535 
1168;3909;377;0;8371;65535 
1253;3914;382;0;8371;65535 
1227;3918;380;0;8371;65535 
1275;3922;378;0;8371;65535 
1192;3927;377;0;8371;65535 
1270;3931;378;0;8371;65535 
1359;3935;381;0;8371;65535 
1277;3939;380;0;8371;65535 
1303;3944;378;0;8371;65535 
1189;3948;377;0;8371;65535 
1241;3952;377;0;8371;65535 
1277;3956;381;0;8371;65535 
1255;3960;379;0;8371;65535 
1319;3964;378;0;8371;65535 
1228;3968;377;0;8371;65535 
1305;3972;376;0;8371;65535 
1283;3977;379;0;8371;65535 
1267;3981;377;0;8371;65535 
1275;3985;377;0;8371;65535 
1249;3989;376;0;8371;65535 
1290;3994;381;0;8371;65535 
1252;3998;379;0;8371;65535 
1330;4002;376;0;8371;65535 
1271;4007;377;0;8371;65535 
1280;4011;375;0;8371;65535 
1317;4015;381;0;8371;65535 
1266;4019;378;0;8371;65535 
1344;4024;376;0;8371;65535 
1220;4028;376;0;8371;65535 
1262;4032;376;0;8371;65535 
1267;4036;380;0;8371;65535 
1310;4040;378;0;8371;65535 
1375;4044;376;0;8371;65535 
1294;4048;375;0;8371;65535 
1327;4053;380;0;8371;65535 
1280;4057;378;0;8371;65535 
1315;4061;376;0;8371;65535 
1307;4065;376;0;8371;65535 
1251;4070;375;0;8371;65535 
1332;4074;379;0;8371;65535 
1294;4078;378;0;8371;65535 
1362;4083;376;0;8371;65535 
1277;4087;375;0;8371;65535 
1296;4091;375;0;8371;65535 
1336;4096;380;0;8371;65535 
1254;4100;377;0;8371;65535 
1333;4104;376;0;8371;65535 
1269;4108;375;0;8371;65535 
1302;4112;375;0;8371;65535 
1309;4116;379;0;8371;65535 
1310;4120;377;0;8371;65535 
1335;4124;376;0;8371;65535 
1279;4129;374;0;8371;65535 
1322;4133;379;0;8371;65535 
1248;4137;377;0;8371;65535 
1263;4142;375;0;8371;65535 
1254;4146;375;0;8371;65535 
1255;4150;374;0;8371;65535 
1319;4155;379;0;8371;65535 
1275;4159;377;0;8371;65535 
1330;4163;375;0;8371;65535 
1230;4168;375;0;8371;65535 
1257;4172;374;0;8371;65535 
1278;4176;378;0;8371;65535 
1241;4180;377;0;8371;65535 
1327;4184;375;0;8371;65535 
1275;4188;374;0;8371;65535 
1322;4192;374;0;8371;65535 
1291;4196;379;0;8371;65535 
1295;4201;374;0;8371;65535 
1299;4205;374;0;8371;65535 
1282;4209;374;0;8371;65535 
1325;4214;378;0;8371;65535 
1277;4218;376;0;8371;65535 
1335;4222;374;0;8371;65535 
1264;4227;373;0;8371;65535 
1286;4231;374;0;8371;65535 
1347;4235;377;0;8371;65535 
1283;4240;376;0;8371;65535 
1308;4244;374;0;8371;65535 
1274;4248;373;0;8371;65535 
1291;4252;373;0;8371;65535 
1246;4256;377;0;8371;65535 
1230;4260;375;0;8371;65535 
1287;4264;373;0;8371;65535 
1273;4269;373;0;8371;65535 
1302;4273;377;0;8371;65535 
1211;4277;374;0;8371;65535 
1217;4282;374;0;8371;65535 
1220;4286;373;0;8371;65535 
1222;4290;372;0;8371;65535 
1296;4295;377;0;8371;65535 
1234;4299;375;0;8371;65535 
1307;4303;373;0;8371;65535 
1223;4308;372;0;8371;65535 
1235;4312;373;0;8371;65535 
1219;4316;376;0;8371;65535 
1216;4320;375;0;8371;65535 
1305;4324;373;0;8371;65535 
1273;4328;372;0;8371;65535 
1274;4333;377;0;8371;65535 
1205;4337;375;0;8371;65535 
1235;4341;372;0;8371;65535 
1243;4345;373;0;8371;65535 
1245;4350;371;0;8371;65535 
1294;4354;378;0;8371;65535 
1257;4359;374;0;8371;65535 
1291;4363;373;0;8371;65535 
1201;4367;372;0;8371;65535 
1256;4372;372;0;8371;65535 
1287;4376;377;0;8371;65535 
1248;4380;374;0;8371;65535 
1330;4384;373;0;8371;65535 
1261;4388;372;0;8371;65535 
1280;4392;373;0;8371;65535 
1255;4396;376;0;8371;65535 
1289;4401;372;0;8371;65535 
1327;4405;372;0;8371;65535 
1299;4409;371;0;8371;65535 
1331;4414;377;0;8371;65535 
1277;4418;374;0;8371;65535 
1329;4423;373;0;8371;65535 
1261;4427;372;0;8371;65535 
1301;4431;372;0;8371;65535 
1363;4436;376;0;8371;65535 
1299;4440;374;0;8371;65535 
1350;4444;372;0;8371;65535 
1251;4448;372;0;8371;65535 
1305;4452;372;0;8371;65535 
1312;4456;375;0;8371;65535 
1322;4460;374;0;8371;65535 
1367;4465;371;0;8371;65535 
1317;4469;371;0;8371;65535 
1302;4473;376;0;8371;65535 
1254;4478;373;0;8371;65535 
1324;4482;372;0;8371;65535 
1271;4487;371;0;8371;65535 
1297;4491;369;0;8371;65535 
1325;4495;377;0;8371;65535 
1268;4500;373;0;8371;65535 
1319;4504;371;0;8371;65535 
1237;4508;371;0;8371;65535 
1268;4512;370;0;8371;65535 
1271;4516;375;0;8371;65535 
1316;4520;372;0;8371;65535 
1342;4525;371;0;8371;65535 
1286;4529;370;0;8371;65535 
1310;4533;374;0;8371;65535 
1248;4538;373;0;8371;65535 
1311;4542;370;0;8371;65535 
1261;4547;370;0;8371;65535 
1279;4551;370;0;8371;65535 
1323;4555;374;0;8371;65535 
1273;4560;372;0;8371;65535 
1312;4564;370;0;8371;65535 
1200;4568;370;0;8371;65535 
1272;4572;369;0;8371;65535 
1281;4576;374;0;8371;65535 
1294;4580;372;0;8371;65535 
1360;4585;370;0;8371;65535 
1314;4589;369;0;8371;65535 
1334;4593;373;0;8371;65535 
1252;4598;371;0;8371;65535 
1318;4602;369;0;8371;65535 
1293;4607;369;0;8371;65535 
1310;4611;369;0;8371;65535 
1322;4615;372;0;8371;65535 
1267;4620;371;0;8371;65535 
1343;4624;369;0;8371;65535 
1273;4628;368;0;8371;65535 
1310;4632;368;0;8371;65535 
1303;4636;373;0;8371;65535 
1321;4641;369;0;8371;65535 
1318;4645;368;0;8371;65535 
1251;4649;367;0;8371;65535 
1281;4654;372;0;8371;65535 
1273;4658;370;0;8371;65535 
1329;4663;368;0;8371;65535 
1239;4667;368;0;8371;65535 
1240;4671;367;0;8371;65535 
1258;4676;372;0;8371;65535 
1229;4680;370;0;8371;65535 
1274;4684;368;0;8371;65535 
1262;4688;368;0;8371;65535 
1299;4692;367;0;8371;65535 
1241;4697;370;0;8371;65535 
1269;4701;368;0;8371;65535 
1246;4705;367;0;8371;65535 
1209;4710;368;0;8371;65535 
1293;4714;371;0;8371;65535 
1274;4719;370;0;8371;65535 
1317;4723;368;0;8371;65535 
1175;4728;368;0;8371;65535 
1204;4732;366;0;8371;65535 
1217;4736;373;0;8371;65535 
1248;4740;370;0;8371;65535 
1329;4744;368;0;8371;65535 
1267;4749;367;0;8371;65535 
1294;4753;372;0;8371;65535 
1222;4757;370;0;8371;65535 
1222;4762;367;0;8371;65535 
1214;4766;369;0;8371;65535 
1220;4771;368;0;8371;65535 
1309;4775;371;0;8371;65535 
1276;4779;370;0;8371;65535 
1298;4784;368;0;8371;65535 
1207;4788;368;0;8371;65535 
1218;4792;367;0;8371;65535 
1251;4796;372;0;8371;65535 
1287;4800;369;0;8371;65535 
1316;4805;367;0;8371;65535 
1273;4809;367;0;8371;65535 
1273;4813;372;0;8371;65535 
1238;4818;369;0;8371;65535 
1319;4822;368;0;8371;65535 
1263;4827;367;0;8371;65535 
1293;4831;367;0;8371;65535 
1322;4835;371;0;8371;65535 
1230;4840;369;0;8371;65535 
1242;4844;368;0;8371;65535 
1217;4848;367;0;8371;65535 
1214;4852;367;0;8371;65535 
1219;4856;371;0;8371;65535 
1243;4861;367;0;8371;65535 
1249;4865;367;0;8371;65535 
1214;4870;366;0;8371;65535 
1236;4874;371;0;8371;65535 
1254;4879;369;0;8371;65535 
1335;4883;367;0;8371;65535 
1239;4887;367;0;8371;65535 
1253;4892;366;0;8371;65535 
1280;4896;370;0;8371;65535 
1275;4900;369;0;8371;65535 
1340;4904;366;0;8371;65535 
1275;4908;366;0;8371;65535 
1307;4913;370;0;8371;65535 
1218;4917;368;0;8371;65535 
1243;4922;366;0;8371;65535 
1232;4926;365;0;8371;65535 
1240;4931;366;0;8371;65535 
1307;4935;369;0;8371;65535 
1258;4939;368;0;8371;65535 
1304;4944;366;0;8371;65535 
1218;4948;365;0;8371;65535 
1250;4952;365;0;8371;65535 
1271;4956;370;0;8371;65535 
1285;4961;366;0;8371;65535 
1302;4965;365;0;8371;65535 
1257;4969;365;0;8371;65535 
1270;4974;369;0;8371;65535 
1234;4978;367;0;8371;65535 
1328;4983;365;0;8371;65535 
1248;4987;365;0;8371;65535 
1255;4992;364;0;8371;65535 
1269;4996;369;0;8371;65535 
1254;5000;367;0;8371;65535 
1338;5004;365;0;8371;65535 
1284;5008;364;0;8371;65535 
1281;5013;368;0;8371;65535 
1241;5017;366;0;8371;65535 
1271;5022;365;0;8371;65535 
1235;5026;364;0;8371;65535 
1241;5031;363;0;8371;65535 
1309;5035;368;0;8371;65535 
1270;5039;366;0;8371;65535 
1303;5044;364;0;8371;65535 
1218;5048;364;0;8371;65535 
1235;5052;363;0;8371;65535 
1252;5056;368;0;8371;65535 
1296;5061;363;0;8371;65535 
1320;5065;363;0;8371;65535 
1249;5070;364;0;8371;65535 
1302;5074;367;0;8371;65535 
1271;5079;366;0;8371;65535 
1328;5083;363;0;8371;65535 
1233;5088;363;0;8371;65535 
1233;5092;363;0;8371;65535 
1247;5096;367;0;8371;65535 
1288;5100;365;0;8371;65535 
1344;5104;363;0;8371;65535 
1231;5109;363;0;8371;65535 
1250;5113;367;0;8371;65535 
1216;5118;365;0;8371;65535 
1273;5122;363;0;8371;65535 
1222;5127;363;0;8371;65535 
1217;5131;363;0;8371;65535 
1253;5136;367;0;8371;65535 
1203;5140;365;0;8371;65535 
1258;5144;363;0;8371;65535 
1212;5148;363;0;8371;65535 
1258;5152;362;0;8371;65535 
1242;5157;365;0;8371;65535 
1263;5161;363;0;8371;65535 
1231;5166;363;0;8371;65535 
1209;5170;362;0;8371;65535 
1302;5175;367;0;8371;65535 
1268;5179;365;0;8371;65535 
1317;5184;363;0;8371;65535 
1215;5188;363;0;8371;65535 
1234;5192;362;0;8371;65535 
1267;5196;367;0;8371;65535 
1271;5201;363;0;8371;65535 
1298;5205;363;0;8371;65535 
1255;5209;362;0;8371;65535 
1266;5214;366;0;8371;65535 
1280;5219;365;0;8371;65535 
1355;5223;362;0;8371;65535 
1256;5228;362;0;8371;65535 
1251;5232;362;0;8371;65535 
1276;5236;366;0;8371;65535 
1288;5240;364;0;8371;65535 
1359;5244;363;0;8371;65535 
1313;5249;361;0;8371;65535 
1308;5253;366;0;8371;65535 
1280;5258;363;0;8371;65535 
1333;5262;362;0;8371;65535 
1275;5267;362;0;8371;65535 
1258;5271;361;0;8371;65535 
1296;5276;365;0;8371;65535 
1278;5280;363;0;8371;65535 
1347;5284;362;0;8371;65535 
1315;5288;361;0;8371;65535 
1314;5293;365;0;8371;65535 
1278;5297;363;0;8371;65535 
1309;5302;361;0;8371;65535 
1298;5306;361;0;8371;65535 
1263;5311;360;0;8371;65535 
1339;5315;365;0;8371;65535 
1297;5320;363;0;8371;65535 
1353;5324;360;0;8371;65535 
1310;5328;361;0;8371;65535 
1306;5332;359;0;8371;65535 
1299;5337;362;0;8371;65535 
1309;5341;361;0;8371;65535 
1307;5346;359;0;8371;65535 
1271;5350;360;0;8371;65535 
1333;5355;364;0;8371;65535 
1303;5359;362;0;8371;65535 
1353;5364;361;0;8371;65535 
1284;5368;359;0;8371;65535 
1292;5372;360;0;8371;65535 
1310;5376;364;0;8371;65535 
1322;5381;360;0;8371;65535 
1338;5385;360;0;8371;65535 
1280;5390;359;0;8371;65535 
1331;5394;363;0;8371;65535 
1313;5399;362;0;8371;65535 
1376;5404;359;0;8371;65535 
1283;5408;359;0;8371;65535 
1293;5412;359;0;8371;65535 
1305;5416;363;0;8371;65535 
1296;5421;359;0;8371;65535 
1286;5425;359;0;8371;65535 
1243;5430;359;0;8371;65535 
1290;5434;363;0;8371;65535 
1288;5439;360;0;8371;65535 
1332;5443;359;0;8371;65535 
1225;5448;359;0;8371;65535 
1244;5452;358;0;8371;65535 
1303;5456;363;0;8371;65535 
1296;5460;360;0;8371;65535 
1337;5465;358;0;8371;65535 
1262;5469;358;0;8371;65535 
1253;5474;362;0;8371;65535 
1238;5479;360;0;8371;65535 
1299;5483;358;0;8371;65535 
1224;5488;358;0;8371;65535 
1221;5492;357;0;8371;65535 
1246;5496;362;0;8371;65535 
1252;5500;360;0;8371;65535 
1321;5505;358;0;8371;65535 
1255;5509;357;0;8371;65535 
1272;5514;361;0;8371;65535 
1276;5519;359;0;8371;65535 
1319;5523;358;0;8371;65535 
1247;5528;357;0;8371;65535 
1240;5532;356;0;8371;65535 
1283;5536;361;0;8371;65535 
1283;5540;359;0;8371;65535 
1319;5545;356;0;8371;65535 
1260;5549;356;0;8371;65535 
1263;5554;361;0;8371;65535 
1232;5559;358;0;8371;65535 
1332;5563;357;0;8371;65535 
1260;5568;356;0;8371;65535 
1235;5572;356;0;8371;65535 
1244;5576;360;0;8371;65535 
1264;5580;358;0;8371;65535 
1318;5585;355;0;8371;65535 
1270;5589;356;0;8371;65535 
1303;5594;359;0;8371;65535 
1276;5599;357;0;8371;65535 
1320;5603;356;0;8371;65535 
1253;5608;355;0;8371;65535 
1250;5612;355;0;8371;65535 
1290;5616;359;0;8371;65535 
1290;5621;355;0;8371;65535 
1315;5625;355;0;8371;65535 
1249;5630;354;0;8371;65535 
1302;5634;359;0;8371;65535 
1277;5639;356;0;8371;65535 
1332;5644;355;0;8371;65535 
1243;5648;354;0;8371;65535 
1270;5652;354;0;8371;65535 
1278;5656;359;0;8371;65535 
1288;5661;354;0;8371;65535 
1287;5665;354;0;8371;65535 
1243;5670;354;0;8371;65535 
1303;5675;358;0;8371;65535 
1258;5679;356;0;8371;65535 
1302;5684;354;0;8371;65535 
1238;5688;354;0;8371;65535 
1263;5692;353;0;8371;65535 
1247;5697;356;0;8371;65535 
1269;5701;353;0;8371;65535 
1256;5706;355;0;8371;65535 
1254;5711;353;0;8371;65535 
1301;5715;357;0;8371;65535 
1243;5720;356;0;8371;65535 
1287;5724;354;0;8371;65535 
1251;5728;353;0;8371;65535 
1283;5733;358;0;8371;65535 
1241;5737;355;0;8371;65535 
1257;5742;354;0;8371;65535 
1233;5747;353;0;8371;65535 
1236;5751;353;0;8371;65535 
1276;5756;357;0;8371;65535 
1236;5760;355;0;8371;65535 
1296;5764;353;0;8371;65535 
1261;5769;352;0;8371;65535 
1261;5773;357;0;8371;65535 
1225;5778;355;0;8371;65535 
1287;5783;354;0;8371;65535 
1245;5787;353;0;8371;65535 
1228;5792;353;0;8371;65535 
1229;5796;357;0;8371;65535 
1244;5800;355;0;8371;65535 
1312;5805;353;0;8371;65535 
1257;5809;353;0;8371;65535 
1261;5814;356;0;8371;65535 
1240;5818;356;0;8371;65535 
1299;5823;354;0;8371;65535 
1234;5828;353;0;8371;65535 
1226;5832;352;0;8371;65535 
1261;5836;358;0;8371;65535 
1277;5840;355;0;8371;65535 
1287;5845;353;0;8371;65535 
1204;5850;353;0;8371;65535 
1249;5854;358;0;8371;65535 
1239;5859;355;0;8371;65535 
1255;5864;354;0;8371;65535 
1185;5868;354;0;8371;65535 
1219;5872;354;0;8371;65535 
1251;5876;358;0;8371;65535 
1234;5881;355;0;8371;65535 
1241;5885;356;0;8371;65535 
1121;5890;355;0;8371;65535 
1215;5895;361;0;8371;65535 
1053;5899;358;0;8371;65535 
1205;5904;358;0;8371;65535 
1142;5908;357;0;8371;65535 
1116;5912;357;0;8371;65535 
1182;5916;363;0;8371;65535 
1074;5921;359;0;8371;65535 
1174;5925;359;0;8371;65535 
1074;5930;359;0;8371;65535 
1215;5934;363;0;8371;65535 
1093;5939;362;0;8371;65535 
1169;5943;360;0;8371;65535 
1172;5948;360;0;8371;65535 
1164;5952;359;0;8371;65535 
1223;5956;364;0;8371;65535 
1122;5960;362;0;8371;65535 
1249;5965;360;0;8371;65535 
1158;5969;360;0;8371;65535 
1241;5974;364;0;8371;65535 
1173;5979;363;0;8371;65535 
1525;2999;415;0;8371;65535 
1584;3002;413;0;8371;65535 
1492;3006;413;0;8371;65535 
0;0;0;0;8371;65535 
Tapez  1 pour afficher les mesures, 2 pour acquisition avant, 3 pour acquisition arriere: 
